0;20.6211,42.1639;20520;;Zhur
0;20.5706,42.3497;21060;;Xërxë
30651;20.9675,42.8231;42000;;Vushtrri
46959;21.3583,42.3214;61000;;Viti
59504;21.1553,42.3706;70000;;Ferizaj
72229;20.8250,42.3586;23000;;Suharekë
6913;21.0272,42.2394;73000;;Shtërpcë
35000;21.0397,42.4331;72000;;Shtime
5089;20.7886,42.7467;41000;;Skenderaj
4195;20.8489,42.8636;40600;;Shipol
0;20.7408,42.3642;23060;;Samadrexhë
171464;20.7397,42.2139;20000;;Prizren
550000;21.1669,42.6727;10000;;Prishtinë
48962;20.2883,42.6591;30000;;Pejë
22049;20.6547,42.3994;21000;;Rahovec
0;21.6511,42.6258;62050;;Hogosht
0;20.4764,42.7589;15050;;Muzakaj
0;21.6572,42.5553;62070;;Muçivërc
5507;20.7269,42.3308;20540;;Mamushë
2300;20.7458,42.4822;24000;;Malishevë
0;21.1686,42.8219;11050;;Lluzhan
107045;20.8667,42.8833;40000;;Mitrovicë
9312;21.5803,42.5781;62000;;Kamenicë
2551;21.3744,42.3714;61050;;Kllokot
8050;20.5778,42.6217;32000;;Klinë
9800;21.2594,42.2319;71000;;Kačanik
4;20.2772,42.4758;51050;;Junik
1000;21.1958,42.6011;10500;;Gračanica
0;20.3697,42.6406;31030;;Gorazhdec
51912;21.4699,42.4605;60000;;Gjilan
58579;20.8939,42.6283;13000;;Drenas
35000;20.6533,42.0265;22000;;Dragash
0;21.1903,42.2739;70520;;Doganaj
9389;21.2967,42.1500;71510;;Hani i Elezit
50500;20.2879,42.5402;51000;;Deçan
94158;20.4308,42.3803;50000;;Gjakovë
0;20.4956,42.6664;32050;;Budisalc
0;20.5119,42.3556;50500;;Bishtazhin
0;21.5131,42.3539;60520;;Zhegër
0;21.0936,43.1018;31000;;Burim
