695;-14.8278,65.7566;690;;Vopnafjörður
750;-19.0097,63.4194;870;;Vík í Mýrdal
128;-19.4461,65.5530;560;;Varmahlíð
380;-15.3368,66.1981;680;;Þórshöfn
387;-18.0774,65.7411;600;;Svalbarðseyri
25;-17.3191,65.6285;650;;Stafn
1164;-18.9081,66.1520;580;;Siglufjörður
676;-14.0058,65.2601;710;;Seyðisfjörður
2614;-19.6394,65.7461;550;;Sauðárkrókur
227;-16.9124,65.6420;660;;Reykjahlíð
188;-15.9511,66.4543;675;;Raufarhöfn
785;-18.6440,66.0672;626;;Ólafsfjörður
1481;-13.6837,65.1482;740;;Neskaupstaður
112;-18.3565,65.9442;630;;Litli-Árskógssandur
122;-16.4445,66.3018;670;;Kópasker
189;-13.8749,64.8330;755;;Stöðvarfjörður
176;-18.0527,63.7893;880;;Kirkjubæjarklaustur
3234;-17.3383,66.0415;640;;Norðurþing
181;-19.4130,65.8990;565;;Hofsós
1690;-15.2121,64.2539;780;;Höfn
278;-18.1749,65.9510;610;;Grenivík
1043;-14.0152,65.0731;735;;Eskifjörður
2572;-14.3948,65.2669;700;;Egilsstaðir
404;-14.2852,64.6571;765;;Djúpivogur
1359;-18.5286,65.9702;620;;Dalvík
654;-14.0189,64.9313;750;;Fáskrúðsfjörður
1368;-14.2183,65.0316;730;;Reyðarfjörður
147;-14.0065,64.7921;760;;Breiðdalsvík
72;-14.7932,66.0377;685;;Bakkafjörður
19219;-18.0878,65.6835;600;;Akureyri
86;-13.8038,65.5255;720;;Bakkagerði
1029;-22.3847,63.9816;190;;Vogar
4639;-20.2734,63.4427;900;;Vestmannaeyjar
720;-23.9960,65.5978;450;;Patreksfjörður
2037;-21.3834,63.8559;815;;Þorlákshöfn
326;-23.4929,65.8790;470;;Þingeyri
294;-23.5280,66.1304;430;;Suðureyri
175;-22.9859,66.0383;420;;Súðavík
1200;-22.7298,65.0754;340;;Stykkishólmur
465;-21.0587,63.8379;825;;Stokkseyri
9000;-20.9971,63.9331;800;;Selfoss
1609;-22.7080,64.0376;245;;Sandgerði
163;-23.8180,64.9224;360;;Rif
118918;-21.8954,64.1355;101;;Reykjavík
31;-21.2915,64.6644;320;;Reykholt
135;-22.1899,65.4461;380;;Reykhólar
1010;-23.7092,64.8943;355;;Ólafsvík
0;-22.5145,63.9809;230;;Njarðvík
147;-20.7339,64.2176;840;;Laugarvatn
4726;-21.9950,64.1531;170;;Seltjarnarnes
13715;-21.7000,64.1667;270;;Mosfellsbær
40040;-21.9130,64.1123;200;;Kópavogur
15930;-22.5624,64.0049;230;;Keflavík
2736;-23.1350,66.0747;400;;Ísafjörður
1108;-20.2245,63.7507;860;;Hvolsvöllur
2657;-21.1860,64.0004;810;;Hveragerði
251;-21.7589,64.5640;310;;Hvanneyri
546;-20.9435,65.3971;530;;Hvammstangi
391;-21.6706,65.7077;510;;Hólmavík
470;-20.3025,65.8232;545;;Skagaströnd
216;-23.1204,66.1113;410;;Hnífsdalur
544;-23.8856,64.9176;360;;Hellissandur
865;-20.4008,63.8348;850;;Hella
109;-22.6821,63.9332;230;;Hafnir
31525;-21.9377,64.0671;220;;Hafnarfjörður
872;-23.2631,64.9243;350;;Grundarfjörður
2856;-22.4393,63.8385;240;;Grindavík
1409;-22.6513,64.0705;250;;Garður
11421;-21.9230,64.0887;210;;Garðabær
267;-23.5155,66.0512;425;;Flateyri
531;-21.1491,63.8632;820;;Eyrarbakki
69;-21.4435,65.6892;520;;Drangsnes
0;-23.3843,64.8229;356;;Búðir
245;-21.7639,65.1094;370;;Búðardalur
2484;-22.0167,64.1000;225;;Álftanes
1875;-21.9206,64.5383;310;;Borgarnes
27;-21.0995,65.2075;500;;Borðeyri
955;-23.2494,66.1592;415;;Bolungarvík
895;-20.2808,65.6593;540;;Blönduós
238;-23.5999,65.6853;465;;Bíldudalur
15;-23.6226,64.7694;355;;Arnarstapi
7411;-22.0749,64.3218;300;;Akranes
818;-20.3226,64.1343;845;;Flúðir
48;-20.8929,65.3262;530;;Laugarbakki
415;-14.4262,65.2842;700;;Fellabaer
528;-21.8367,64.2406;270;;Grundarhverfi
206;-20.4416,64.1783;845;;Reykholt
275;-23.8246,65.6265;460;;Talknafjordur
76;-18.0135,66.5394;611;;Grímsey
171;-18.3778,65.9784;630;;Hrísey
1001;-17.3735,65.7216;650;;Laugar
19724;-22.5611,63.9981;230;;Reykjanesbær
0;-14.3487,65.3720;700;;Eidar
0;-20.2231,65.5539;540;;Reykir
0;-19.5086,65.6904;550;;Rip
1875;-21.9008,64.5622;310;;Borgarnes
