0;-169.7880,-19.0670;9974;;Vili
0;-169.8150,-19.1006;9974;;Vahavaha
103;-169.9042,-18.9915;9974;;Tuapa Village
32;-169.8533,-18.9740;9974;;Toi
0;-169.8833,-19.1000;9974;;Taoli
0;-169.8240,-19.0663;9974;;Pikiona
0;-169.8492,-19.0789;9974;;Nukufetau
77;-169.8283,-18.9623;9974;;Mutalau
0;-169.8014,-19.0296;9974;;Motu
0;-169.8800,-19.0692;9974;;Matavao
0;-169.9000,-18.9500;9974;;Matalave
0;-169.8476,-19.1144;9974;;Mataafi
14;-169.9000,-18.9500;9974;;Mamakula
73;-169.9138,-19.0018;9974;;Makefu Village
0;-169.9025,-19.1176;9974;;Makaapiapi
74;-169.7886,-19.0542;9974;;Liku Village
0;-169.8000,-18.9500;9974;;Liha
95;-169.8046,-19.0093;9974;;Lakepa
37;-169.8834,-18.9648;9974;;Hikutivake
180;-169.8462,-19.1275;9974;;Hakupu
0;-169.8953,-19.1038;9974;;Fulalatea
0;-169.8940,-19.0609;9974;;Fuata
60;-169.9000,-19.1167;9974;;Fatiau
0;-169.9107,-19.0679;9974;;Fagalilika
150;-169.9167,-19.1000;9974;;Avatele
17;-169.8050,-19.0679;9974;;Ana
624;-169.9196,-19.0529;9974;;Alofi
0;-169.7897,-19.0539;9974;;Liku
128;-169.9114,-19.1245;9974;;Avatele
0;-169.8868,-19.0297;9974;;Motutapu
0;-169.9134,-19.0121;9974;;Lalotuake
0;-169.8910,-18.9875;9974;;Tahileleki
9;-169.8980,-18.9836;9974;;Namukulu Village
0;-169.8129,-18.9714;9974;;Patuoko
0;-169.8130,-18.9951;9974;;Makanga
0;-169.8101,-19.0156;9974;;Takaoga
0;-169.8690,-19.1036;9974;;Falehavaiki
83;-169.8838,-19.1294;9974;;Vaiea
180;-169.9188,-19.0992;9974;;Tamakautoga
0;-169.8996,-19.0440;9974;;Toa
0;-169.8959,-19.1265;9974;;Talamaitoga
0;-169.8217,-18.9706;9974;;Fukau
0;-169.9282,-19.0751;9974;;Fualahi
