0;22.8050,41.9673;2320;;Dzvegor
699;21.1189,41.2900;7244;;Žvan
0;20.6260,41.7528;1255;;Žužnje
527;21.2343,41.2830;1054;;Žurče
0;22.8377,41.4087;2435;;Zubovo
0;21.8358,42.0961;1304;;Zubovce
0;20.8808,41.8290;1238;;Zubovce
260;21.3525,41.5167;7505;;Zrze
3236;22.4445,41.8554;2305;;Zrnovci
200;21.1508,41.6586;6535;;Zrkle
145;21.7139,41.1173;7214;;Zoviḱ 1
3340;22.2361,41.9886;2212;;Zletovo
0;20.8303,41.2825;6344;;Zlesti
0;22.5994,41.5558;2412;;Zleovo
0;21.0628,41.1175;7320;;Zlatari
0;21.5947,40.9053;7225;;Živojno
126;21.8089,41.9792;1323;;Živinje
0;22.1172,42.0911;1360;;Živalevo
2131;21.2908,41.4199;7507;;Žitoše
0;20.5711,41.4708;1258;;Žitineni
0;20.5889,41.6738;1255;;Žirovnica
0;21.0606,42.0322;1228;;Žilče
0;22.2378,41.8792;2333;;Žiganci
0;22.4112,42.2453;1335;;Židilovo
0;20.9477,41.9157;1213;;Žerovjane
0;22.3456,42.3094;1334;;Žeravina
0;22.0011,42.2278;1302;;Željuvino
25422;21.0642,41.9803;1226;;Zelino
0;22.1566,42.0974;1360;;Železnica
133;21.0633,41.3242;7244;;Železnec
422;20.9968,41.7042;1239;;Železna Reka
4020;21.5896,41.8838;1053;;Zelenikovo
0;21.8907,42.2647;1302;;Žegljane
88;21.1603,41.8115;6535;;Zdunje
0;20.8771,41.7943;1234;;Zdunje
0;20.6721,41.3494;6337;;Zbaždi
0;20.9081,41.1911;6000;;Zavoj
103;21.1436,41.3728;1054;;Zašle
0;22.1473,41.9418;2210;;Zarepinci
406;21.4123,41.3798;7509;;Zapolžani
12218;20.9383,41.6072;6253;;Zajas
72;21.0944,41.7544;6535;;Zagrad
0;20.6286,41.1914;6333;;Zagračani
299;21.1961,41.1881;7240;;Zagoriče
0;22.3050,41.5478;2424;;Zagorci
394;21.4335,41.2631;7512;;Zagorani
133;21.4981,41.4292;7504;;Zabrčani
71;21.3800,41.4528;7507;;Žabjani
0;21.3463,42.0448;1060;;Volkovo
5999;20.8392,41.7686;1231;;Vrutok
0;22.4190,41.7593;2305;;Vrteška
237;21.5106,41.8850;1020;;Vrtekica
0;22.1199,41.8175;2225;;Vrsakovo
0;21.3167,41.3333;7524;;Vrboec
0;20.7939,41.4194;6346;;Vrbjani
431;21.3885,41.3309;7509;;Vrbjani
0;20.6325,41.6836;1255;;Vrbjani
0;22.2444,41.9097;2333;;Vrbica
0;20.7294,41.7208;1256;;Vrben
288;21.5578,41.8828;1053;;Vražale
3678;21.1169,42.1433;1225;;Vratnica
8652;20.8857,41.8348;1238;;Vrapčište
0;20.8673,41.8266;1238;;Vranovce
0;20.6639,41.2102;6330;;Vraništa
0;22.4389,41.9604;2302;;Vraninci
1265;21.0268,41.4450;6258;;Vraneštica
240;21.3728,41.3939;7507;;Vranče
0;21.8819,42.2861;1302;;Vragoturce
0;21.8786,42.2386;1302;;Vračevce
857;21.9246,41.4297;1424;;Vozarci
79;21.5687,41.3018;7500;;Volkovo
117;20.9975,41.8644;1237;;Volkovija
0;20.9563,41.0177;7319;;Volkoderi
0;20.7406,41.2203;6341;;Volino
129;21.0717,41.7628;6535;;Volče
0;22.1648,41.4755;1441;;Vojšanci
0;21.8728,42.1586;1314;;Vojnik
98;21.7489,41.6031;1414;;Vojnica
0;22.4711,41.5872;2420;;Voislavci
399;21.8790,41.5828;1420;;Vodovrati
0;22.5910,41.4493;2414;;Vodoča
554;21.3399,41.2825;7525;;Voǵani
1290;22.7928,41.7100;2331;;Vladimirovo
135;21.7405,41.5185;1414;;Vladilovci
0;22.5914,41.5208;2412;;Vladievci
0;21.4094,42.0364;1000;;Vizbegovo
456;21.8267,41.1814;7508;;Vitolište
0;21.7214,41.6447;1408;;Vitanci
0;21.5931,42.0997;1306;;Vishtica
0;22.6844,41.5553;2416;;Visoka Maala
0;20.5989,41.1933;6333;;Višni
345;21.0900,41.2328;7244;;Virovo
0;22.8485,41.9093;2325;;Virče
76;21.2761,41.6028;6533;;Vir
0;22.5636,41.9156;2316;;Vinička Kršla
640;21.8978,41.6008;1420;;Viničani
18218;22.5107,41.8812;2310;;Vinica
237;21.7592,41.9944;1323;;Vince
0;20.5898,41.6587;1255;;Viduše
0;20.9080,41.4593;6255;;Vidrani
0;22.3986,41.8450;2305;;Vidovište
2429;20.5928,41.2404;6335;;Vevčani
0;22.0921,42.1561;1316;;Vetunica
0;22.7717,42.0172;2320;;Vetren
49;21.7048,41.8234;1044;;Vetersko
0;22.1364,41.3859;1443;;Vešje
273;21.4413,41.2722;7512;;Veselčani
0;20.8459,42.0611;1219;;Vešala
62;21.7506,41.2700;7506;;Veprčani
0;21.3514,40.9290;7223;;Velušina
87;21.0100,41.3467;6245;;Velmevci
0;20.9017,41.2984;6344;;Velmej
1720;22.5675,41.4761;2414;;Veljusa
0;20.8369,41.1325;6000;;Velgošti
0;20.8278,41.0836;6000;;Velestovo
8646;20.6439,41.2408;6334;;Velesta
0;21.5621,40.9725;7225;;Veleselo
0;20.5973,41.6168;1254;;Velebrdo
0;20.9250,42.0828;1212;;Vejce
2802;22.0189,41.4169;1430;;Vataša
12382;22.6451,41.4742;2411;;Vasilevo
474;21.4062,41.1733;7245;;Vašarejca
0;21.0172,42.0625;1224;;Varvara
419;21.2425,41.2358;7240;;Vardino
0;20.8311,41.1928;6341;;Vapila
3798;22.5630,41.3176;2460;;Valandovo
2095;21.6631,42.2061;1324;;Vaksince
0;22.0470,42.0684;1361;;Vakaf
0;21.7469,42.0228;1323;;Vak’v
0;22.4365,42.2230;1335;;Uzem
130;21.1939,41.1825;7240;;Utovo
1054;21.4583,41.9587;1000;;Usje
0;20.8947,41.9481;1221;;Urvič
35;21.4287,41.8688;1020;;Umovo
0;22.8364,41.7700;2326;;Umlena
0;21.6253,42.0867;1306;;Umin Dol
0;22.2642,41.8589;2333;;Ularci
172;21.9433,41.5878;1420;;Ulanci
0;22.4391,41.3456;2464;;Udovo
0;22.2564,41.9811;2212;;Tursko Rudari
0;22.7745,41.4395;2433;;Turnovo
0;20.8659,41.4139;6346;;Turje
0;22.6478,41.9511;2316;;Turija
0;22.1193,42.0716;1360;;Turalevo
0;20.9419,41.8492;1237;;Tumčevište
1346;21.0453,41.6194;6254;;Tuin
0;21.1178,42.0301;1228;;Tudence
92;21.8581,41.8903;1407;;Trstenik
306;21.9192,41.4750;1421;;Trstenik
0;22.6486,41.9098;2316;;Trsino
0;20.7810,40.9597;6306;;Trpejca
0;22.1556,41.9036;2210;;Troolo
0;21.7650,42.1342;1300;;Tromega
203;21.4086,41.2369;7512;;Trojkrsti
34;21.7392,41.3717;7506;;Trojaci
0;22.3833,42.2639;1335;;Trnovo
0;20.9847,41.7388;1239;;Trnovo
336;21.2483,41.0440;7205;;Trnovo
736;21.3304,41.2507;7525;;Trnovci
0;22.0769,42.1283;1361;;Trnovac
223;21.4122,41.0731;7204;;Trn
0;22.6317,41.3958;2410;;Tri Vodi
0;22.2072,41.9322;2212;;Tripatanci
0;20.7231,41.5611;1257;;Tresonče
0;22.1534,41.4397;1443;;Tremnik
44;21.1313,41.7574;6535;;Trebovlje
0;21.0317,42.0134;1212;;Treboš
0;20.5892,41.6283;1254;;Trebište
0;22.5461,41.5161;2412;;Trebičino
0;20.7550,41.2064;6341;;Trebeništa
0;20.9634,41.5566;6257;;Trapčin Dol
261;21.4708,41.1330;7212;;Trap
0;22.8152,41.8907;2325;;Trabotivište
0;22.0798,42.0815;1360;;Topoloviḱ
0;22.3777,41.6573;2420;;Topolnica
106;21.1677,41.6160;6533;;Topolnica
2773;21.4311,41.2277;7512;;Topolčani
116;21.1510,41.6313;6533;;Tomino Selo
0;22.6092,42.0028;2304;;Todorovci
57873;21.7720,41.7172;1400;;Veles
120;21.5394,41.8208;1053;;Tisovica
0;22.0824,41.4682;1440;;Timjanik
63176;20.9714,42.0099;1200;;Tetovo
0;22.3550,41.8506;2301;;Teranci
0;21.5594,40.9940;7225;;Tepavci
315;21.5719,41.5792;1415;;Teovo
0;20.9800,41.8927;1213;;Tenovo
0;21.6653,42.0070;1042;;Tekija
23096;21.0518,42.0759;1224;;Tearce
87;21.2514,41.7219;6533;;Taževo
0;22.0097,42.0330;1309;;Tatomir
0;20.5475,41.5286;1250;;Tatar Elevci
0;20.6389,41.2689;6334;;Tašmaruništa
0;22.2303,41.7989;2207;;Tarinci
138;21.6114,41.8983;1053;;Taor
0;21.4004,42.2258;1011;;Tanuševci
0;20.5728,41.7219;1255;;Tanuše
0;22.2793,41.6510;2000;;Tanatarci
0;22.1242,42.1056;1360;;Talašmance
0;20.8586,41.6400;6253;;Tajmište
0;21.7080,42.2137;1308;;Tabanovce
0;20.9168,41.4364;6255;;Svinjišta
0;20.9438,41.2026;7320;;Sviništa
0;22.6971,41.3907;2410;;Svidovica
0;21.0704,41.5275;6262;;Svetorače
614;21.3050,41.3218;7524;;Sveto Mitrani
447;21.3369,41.2294;7245;;Sveto Todori
13292;21.9527,41.8696;2220;;Sveti Nikole
590;21.2724,41.2673;7525;;Sveta
62;21.1659,41.3016;1054;;Suvo Grlo
0;21.2386,41.5206;6530;;Suvodol
568;21.2225,41.2104;7240;;Suvodol
759;21.0235,41.5478;6262;;Šutovo
302;21.7803,41.9578;1323;;Sušica
44;21.4076,41.8985;1020;;Markova Sušica
0;20.8778,41.7587;1231;;Sušica
74;21.1426,41.6423;6535;;Sušica
1941;22.8368,41.4398;2433;;Sušica
0;21.7650,42.2462;1308;;Suševo
0;22.1282,41.7564;2000;;Suševo
0;22.6274,41.5236;2412;;Suševo
0;20.9489,41.0130;7319;;Šurlenci
0;22.4023,41.6792;2420;;Supurge
0;21.8059,42.1053;1304;;Šupli Kamen
0;22.4858,41.5825;2423;;Suldurci
0;22.1254,41.8651;2225;;Sudik
0;22.4767,41.6800;2420;;Šturovo
0;22.8167,41.4667;2433;;Štuka
18219;21.5348,41.9221;1020;;Studeničani
0;21.7258,42.0214;1323;;Studena Bara
33825;22.6429,41.4376;2400;;Strumica
535;21.1814,41.1997;7240;;Strugovo
37387;20.6789,41.1779;6330;;Struga
167;21.4106,41.5631;1415;;Strovija
0;22.0148,42.0025;1309;;Stroimanci
0;21.8617,42.1972;1303;;Strnovac
0;22.1625,41.9817;2210;;Strmoš
0;22.0966,41.9659;2210;;Strisovci
0;21.5253,42.1564;1307;;Strima
0;21.8892,42.1467;1314;;Strezovce
366;21.1878,41.1369;7242;;Streževo
1563;21.0056,41.5405;6262;;Strelci
0;21.1026,40.9247;7317;;Dolno Štrbovo
0;21.6047,42.2497;1324;;Straža
544;21.0016,41.7222;1239;;Strajane
225;21.6066,41.8597;1053;;Strahojadica
0;22.1047,41.3236;1437;;Stragovo
0;21.5322,42.0461;1045;;Strachinci
0;22.0328,42.1504;1361;;Stracin
2125;22.5775,41.1556;1488;;Stojakovo
48279;22.1958,41.7458;2000;;Shtip
0;22.9241,41.4661;2435;;Stinik
0;22.2172,41.6107;1441;;Stepanci
22;21.6506,41.4947;1414;;Stepanci
0;21.9078,42.2519;1302;;Stepance
0;20.9085,40.9413;6306;;Stenje
276;21.0028,41.8759;1237;;Stenče
264;21.5679,41.2600;7514;;Štavica
31;21.2934,41.0962;7241;;Staro Zmirnevo
0;21.1343,42.1517;1225;;Staro Selo
23;21.2073,41.6335;6533;;Staro Selo
4112;21.8286,42.1981;1303;;Staro Nagorichane
74;21.5351,41.2950;7500;;Staro Lagovo
281;20.9987,41.4616;6259;;Staroec
0;22.7494,41.4662;2430;;Staro Baldovci
165;21.6650,41.5811;1414;;Stari Grad
3348;22.7186,41.1869;1487;;Star Dojran
285;21.7339,41.0897;7214;;Staravina
0;22.0915,41.8821;2225;;Stanulovci
178;21.9018,41.9570;1309;;Stanjevci
0;22.4048,42.1531;1335;;Stanci
0;22.0905,42.2408;1316;;Stanča
0;22.8200,41.9518;2320;;Stamer
0;22.2847,41.9958;2212;;Štalkovica
0;21.5131,42.0275;1045;;Stajkovci
1433;21.3646,41.1748;7245;;Dolno Srpci
547;21.2114,41.0861;7313;;Srpci
0;20.8456,41.7050;1231;;Sretkovo
141;21.3605,41.4101;7507;;Sredorek
1089;21.7149,41.9574;1042;;Sredno Konjari
0;21.4615,40.9584;7224;;Sredno Egri
0;20.9515,41.4856;6261;;Srbjani
3629;20.9586,41.7059;1239;;Srbinovo
1533;21.0303,41.5867;6254;;Srbica
0;20.4819,41.5500;1250;;Spas
0;22.3096,41.9046;2301;;Spančevo
0;20.8711,41.3202;6344;;Sošani
0;22.0039,42.0699;1361;;Šopsko Rudare
0;21.0645,41.0855;7310;;Sopotsko
2110;21.1536,41.2959;7244;;Sopotnica
0;21.7291,42.2434;1308;;Sopot
485;21.8686,41.8992;1407;;Sopot
31;21.7178,41.7842;1406;;Sopot
0;22.0247,41.4900;1427;;Sopot
9460;21.4294,41.9556;1000;;Sopište
0;22.2786,41.8963;2333;;Sokolarci
201;21.5528,41.5908;1415;;Sogle
0;22.1371,41.7094;2000;;Sofilari
0;22.6346,41.2929;2461;;Sobri
913;22.9040,41.3750;2435;;Smolari
0;22.4700,41.2594;1489;;Smokvica
0;22.8432,41.7369;2330;;Smojmirovo
36;21.6936,41.4928;1414;;Smilovci
689;21.1105,41.1541;7202;;Smilevo
0;22.6064,41.6960;2423;;Smilanci
164;21.6243,41.8442;1053;;Smesnica
2658;21.6278,42.1733;1325;;Slupchane
156;21.6845,41.7807;1406;;Slp
535;21.0781,41.2666;7244;;Sloeštica
0;20.8439,41.4053;6346;;Slivovo
237;21.6714,41.7185;1408;;Slivnik
323;21.0814,40.9589;7317;;Slivnica
93;21.3833,41.4944;7505;;Slivje
0;21.6031,40.9654;7225;;Slivica
256;21.4524,41.4998;7505;;Slepče
1031;21.1750,41.2333;7240;;Slepče
0;22.1621,42.0653;1360;;Šlegovo
471;21.4067,41.3394;7509;;Slavej
3422;21.0390,42.0678;1224;;Slatino
0;20.8664,41.3483;6344;;Slatino
303;21.2288,41.4872;6530;;Slansko
105;21.2086,41.2558;7240;;Sladuevo
0;20.6094,41.5656;1257;;Skudrinje
0;20.8925,41.1523;6000;;Skrebatno
0;22.3250,41.5428;2424;;Skoruša
474889;21.4314,41.9965;1000;;Skopje
0;21.6367,40.9737;7225;;Skočivir
0;21.8253,42.0481;1305;;Skačkovce
228;21.9309,41.4483;1424;;Šivec
0;21.3094,41.9756;1063;;Šiševo
0;20.8447,41.2347;6342;;Sirula
775;21.8903,41.5055;1421;;Sirkovo
0;21.0931,42.0163;1228;;Siričino
8228;20.9156,42.0350;1200;;Šipkovica
0;20.9216,41.9377;1221;;Siničane
0;21.5167,42.0167;1045;;Čento
0;22.6800,41.2856;2461;;Sevendekli
0;20.9986,42.0547;1212;;Setole
20;21.9097,41.3703;1423;;Šeškovo
0;22.3467,41.2190;1489;;Sermenin
0;20.8906,41.8820;1236;;Senakos
354;21.4697,41.4136;7504;;Senokos
0;20.6581,41.6826;1255;;Sence
0;21.0791,42.0243;1228;;Šemševo
408;21.2599,41.9672;1063;;Semenište
0;20.4866,41.5357;1250;;Selokuḱi
0;22.7229,42.0394;2320;;Selnik
81;21.4824,41.2409;7514;;Šeleverci
0;22.6172,41.1503;1488;;Selemli
0;20.8766,41.9389;1220;;Selce Keč
1991;20.9403,42.0348;1200;;Selce
0;22.1714,41.6497;2000;;Selce
131;21.2531,41.4194;7550;;Selce
0;20.6236,41.3990;6337;;Selce
291;21.5748,41.3259;7500;;Selce
1222;22.7954,41.4400;2433;;Sekirnik
423;21.4131,41.4789;7505;;Sekirci
395;21.2648,41.1233;7242;;Sekirani
1269;21.1275,41.8831;1218;;Sedlarevo
0;22.5840,41.4894;2414;;Sedlarci
278;21.2722,41.4522;7507;;Saždevo
0;22.2882,41.7168;2000;;Šašavarlija
0;22.5276,42.1058;2304;;Sasa
0;22.1336,41.8103;2225;;Sarčievo
125;21.4117,41.4357;7504;;Sarandinovo
106;21.9422,41.7889;2208;;Saramzalino
0;22.7030,41.4757;2430;;Saraj
1429;21.1462,41.6833;6535;;Samokov
0;22.0595,42.0371;2210;;Sekulica
0;22.7003,41.4208;2432;;Sačevo
0;20.6658,41.3736;6337;;Ržanovo
787;21.6312,41.9271;1043;;’Ržaničino
138;21.1518,41.4994;6530;;Rusjaci
2173;22.8085,41.6873;2315;;Rusinovo
0;22.3303,41.8028;2207;;Ruljak
0;21.9773,42.1401;1361;;Rugince
151;21.7569,41.8431;1407;;Rudnik
188;21.9530,41.1873;1437;;Rožden
513;21.2105,41.0575;7313;;Rotino
9147;20.6000,41.6100;1254;;Rostusa
4106;21.9459,41.5167;1422;;Rosoman
0;20.6946,41.5661;1257;;Rosoki
780;21.3722,41.4498;7507;;Ropotovo
0;21.6178,42.1103;1306;;Ropalce
2492;21.6931,42.0947;1322;;Romanovci
460;21.1653,41.9678;1218;;Rogle
0;21.1569,42.1564;1206;;Rogačevo
0;22.8221,41.7667;2332;;Robovo
0;22.7074,41.4348;2431;;Robovo
124;21.6411,41.7350;1408;;Rlevci
333;21.3634,41.4861;7505;;Rilevo
0;22.5199,41.4428;2434;;Rič
0;20.6057,41.7197;1255;;Ribnica
67;21.9617,41.5093;1422;;Ribarci
235;21.4681,41.0178;7211;;Ribarci
0;21.6753,42.1578;1325;;Rezhanovce
16539;21.0088,41.0900;7310;;Resen
336;21.9779,41.3885;1434;;Resava
0;21.6947,42.1744;1324;;Rečica
0;20.9418,41.2135;7320;;Rečica
0;20.9150,41.5872;6253;;Rečani - Zajasko
58;21.0689,41.5075;6259;;Rečani-Čelopečko
0;22.4527,42.0009;2302;;Rečani
0;20.8278,41.7538;1231;;Rečane
0;22.7683,41.8439;2325;;Razlovci
0;20.8575,41.7816;1231;;Raven
0;22.8525,41.6749;2330;;Ratevo
0;22.3044,42.0078;2212;;Ratkovica
0;22.2178,41.9678;2212;;Ratavica
0;21.0375,42.0353;1212;;Ratae
81;21.1939,41.3286;1054;;Rastojca
218;21.1043,41.7466;6535;;Rasteš
328;21.7128,41.7242;6260;;Raštani
0;20.9422,41.5392;6257;;Raštani
167;21.3250,41.0529;7000;;Raštani
463;21.4886,42.0856;1011;;Rashtak
0;20.8589,41.2044;6342;;Rasino
0;21.2493,42.0224;1063;;Rašče
309;21.6470,41.1028;7213;;Rapeš
244;21.2174,41.9433;1063;;Raoviḱ
0;21.1434,42.0612;1215;;Raotince
4071;22.1162,42.1696;1316;;Rankovce
0;22.0494,41.9249;2225;;Rančinci
144;21.5195,41.8641;1053;;Ramni Gaber
168;21.1725,41.6794;6535;;Ramne
0;20.8364,41.1092;6000;;Ramne
0;21.1858,41.0900;7313;;Ramna
0;20.8990,41.9213;1220;;Rakovec
93;21.6636,41.6631;1413;;Rakovec
0;22.4828,41.6303;2420;;Rakliš
83;21.1898,41.3161;1054;;Rakitnica
0;22.4258,41.5431;2424;;Rakitec
0;20.5450,41.5162;1250;;Rajčica
0;22.2717,41.9541;2212;;Rajčani
144;21.0619,41.0022;7316;;Rajca
205;21.8469,41.4242;1423;;Raec
0;21.2106,42.0850;1062;;Raduša
0;20.6331,41.1039;6333;;Radožda
98;21.1708,41.3222;1054;;Radovo
24984;22.4647,41.6383;2420;;Radovis
0;22.7668,41.4511;2433;;Radovo
2814;20.6233,41.1642;6333;;Radolista
415;21.4414,41.1183;7212;;Radobor
0;22.2157,41.2758;1437;;Radnja
9123;21.4478,42.0611;1011;;Radishani
0;20.9631,41.9060;1213;;Radiovce
0;22.5681,41.5386;2412;;Radičevo
0;22.1100,42.2000;1316;;Radibush
0;22.2751,41.7803;2207;;Radanje
0;22.5799,41.3209;2460;;Rabrovo
0;22.6000,41.3972;2413;;Raborci
24;21.0667,41.5444;6262;;Rabetino
0;22.1333,41.9437;2210;;Puzderci
198;21.5302,41.1347;7212;;Puturus
287;21.1564,41.4128;6539;;Pusta Reka
0;22.1978,41.6278;2000;;Puhče
0;22.2033,42.1664;1333;;Psacha
0;22.1665,41.4202;1443;;Prždevo
0;21.0750,42.1275;1211;;Prvce
0;22.6615,41.3164;2461;;Prsten
1999;21.0599,42.0834;1224;;Pršovce
0;20.9933,41.3571;6245;;Prostranje
0;22.6819,41.4598;2411;;Prosenikovo
0;21.7422,42.1242;1300;;Proevce
12702;22.1786,42.0031;2210;;Probishtip
0;22.3909,41.7555;2305;;Prnalija
0;22.4131,41.6613;2420;;Prnalija
0;20.6844,41.3306;6337;;Prisovjani
0;20.6103,41.5814;1257;;Prisojnica
0;22.4232,41.9481;2302;;Pripor
0;22.3694,41.8039;2305;;Pripečani
53;21.5856,41.2956;7500;;Prilepec
73814;21.5537,41.3456;7500;;Prilep
0;22.1469,42.0603;1360;;Prikovci
362;21.2014,41.2712;1054;;Pribilci
0;22.4427,41.8868;2305;;Pribačevo
190;21.0617,40.9797;7316;;Pretor
556;21.3136,41.2963;7525;;Presil
0;22.4871,41.9862;2312;;Preseka
80;21.8530,41.9097;1407;;Preod
179;21.0337,41.5515;6262;;Premka
0;21.0983,42.0331;1228;;Preljubište
967;21.1194,41.4654;6539;;Preglovo
0;22.5015,41.2083;1483;;Prdejci
1;21.9339,41.3414;1434;;Pravednik
0;20.8658,41.8533;1236;;Požarane
0;20.7116,41.2810;6338;;Poum
0;21.3714,40.9365;7223;;Porodin
293;21.0062,41.6139;6254;;Popovjani
0;20.8091,41.4605;6346;;Popoec
0;20.9122,41.4776;6261;;Popolžani
0;22.5894,41.4150;2400;;Popčevo
13;21.7791,41.4961;1421;;Popadija
193;21.8232,41.1478;7508;;Polčište
0;22.5720,41.5733;2423;;Pokrajčevo
0;22.3758,41.6061;2420;;Pogulevo
389;21.3917,41.0161;7204;;Poeševo
0;20.8868,41.4724;6261;;Podvis
0;22.2515,42.3064;1334;;Podrži Konj
0;20.7515,41.1637;6341;;Podmolje
343;21.5644,41.2000;7514;;Podmol
875;21.0508,41.0236;7316;;Podmočani
129;21.8178,41.5283;1421;;Podles
134;21.3428,41.2181;7245;;Podino
0;20.5985,41.2587;6336;;Podgorci
0;21.1217,42.0628;1215;;Podbreǵe
3774;22.5422,41.6139;2423;;Podareš
0;22.3844,41.7047;2420;;Počivalo
0;21.4267,42.1147;1011;;Pobozhje
87;21.6508,41.3697;7500;;Pletvar
0;22.1343,41.9986;2210;;Plešanci
0;22.5014,41.3794;2464;;Plavuš
4574;21.1227,41.4679;6539;;Plasnica
0;20.9733,41.2186;7320;;Plaḱe
0;20.6077,41.3216;6337;;Piskupština
0;22.2110,41.8755;2333;;Pišica
3801;20.9106,41.9108;1214;;Pirok
1633;22.5305,41.3204;2460;;Pirava
89;22.2686,41.5747;2424;;Piperovo
0;22.6735,41.4734;2411;;Piperovo
0;21.9292,42.0428;1309;;Pezovo
0;22.1638,41.9555;2210;;Petrišino
0;22.3832,41.2949;1489;;Petrovo
8298;21.6150,41.9389;1043;;Petrovec
0;22.7269,41.4706;2430;;Petralinci
0;22.1872,42.2083;1332;;Petralica
63;21.6717,41.2800;7506;;Peštani
0;20.8101,41.0170;6306;;Peštani
500;21.3961,41.4632;7505;;Peštalevo
0;20.7881,41.3276;6344;;Pesočani
262;21.9844,41.8225;2227;;Peširovo
0;22.1271,41.5187;1441;;Pepelište
0;22.1069,41.7119;2000;;Penuš
0;22.0140,42.1250;1361;;Pendak
0;21.8561,42.2875;1302;;Pelince
0;22.6282,41.8753;2316;;Pekljani
2440;22.8898,41.7625;2326;;Pehčevo
0;20.8330,41.7819;1231;;Pečkovo
0;21.7554,42.0401;1323;;Pčinja
301;21.9017,41.9997;1309;;Pavlešenci
0;22.0613,41.9531;2210;;Patetino
979;21.3701,41.2744;7525;;Pašino Ruvci
0;22.3493,41.9987;2212;;Pašadžikovo
129;21.5532,41.0419;7211;;Paralovo
63;21.4394,41.6414;1415;;Papradishte
219;21.0267,41.6481;6254;;Papradište
0;22.3163,41.9652;2212;;Pantelej
292;21.2113,41.9543;1063;;Paničari
0;22.9019,41.8497;2325;;Pančarevo
309;21.9756,41.5369;1422;;Palikura
407;21.4960,41.8262;1053;;Paligrad
253;21.6174,41.8735;1053;;Pakoševo
286;21.4973,41.8855;1020;;Pagaruša
0;20.9758,41.6861;1239;;Padalište
0;21.0697,42.0146;1228;;Ozormište
0;20.8550,41.3319;6344;;Ozdoleni
0;21.0048,42.0571;1212;;Otunje
250;21.7777,41.7713;1406;;Otovica
0;22.0803,42.1958;1316;;Otoshnica
2326;21.5867,42.1431;1315;;Otlja
91;21.6814,41.6756;1413;;Otištino
0;20.5174,41.4468;1258;;Otišani
0;20.9152,40.9896;7319;;Oteševo
76;21.2369,41.3352;7550;;Ostrilci
0;21.3006,40.9299;7223;;Ostrec
0;20.9352,41.5323;6257;;Osoj
0;20.6443,41.5298;1257;;Osoj
12;21.3717,41.8906;1000;;Osinčani
0;22.3081,42.2500;1334;;Osiče
0;22.0329,42.2313;1361;;Osiče
0;20.7542,41.1733;6341;;Orovnik
0;22.6503,41.3465;2413;;Ormanli
0;20.7844,41.1400;6000;;Orman
87;21.6133,41.1480;7213;;Orle
0;21.5933,42.0481;1045;;Orlanci
151;21.0409,41.5038;6259;;Orlanci
0;21.6183,42.1611;1325;;Orizari
4292;22.4463,41.9226;2302;;Orizari
0;22.7031,41.2959;2461;;Organdžali
557;21.4189,41.6192;1415;;Oreše
401;21.6036,41.8986;1053;;Orešani
44;21.6350,41.3881;7500;;Oreovec
168;21.9770,41.9386;2220;;Orel
286;21.5619,41.0644;7213;;Dolno Orehovo
0;21.3119,40.9836;7221;;Orehovo
0;20.8019,41.7433;1231;;Orḱuše
0;21.1367,42.1296;1225;;Orašje
1179;21.7997,42.0625;1305;;Orashac
3776;22.5133,41.6258;2423;;Oraovica
51;21.7591,41.6358;1408;;Oraovec
0;21.9592,42.1671;1314;;Orah
0;21.4215,40.9906;7221;;Optičari
0;22.1442,42.1428;1316;;Opila
0;20.8692,41.1825;6000;;Openica
0;21.6564,42.1597;1325;;Opae
279;21.6089,41.5344;1414;;Omorani
0;21.3589,40.9614;7221;;Oleveni
2692;20.6072,41.2325;6339;;Oktisi
42033;20.8017,41.1170;6000;;Ohrid
0;22.2014,42.3111;1334;;Ogut
1145;21.5831,41.9217;1043;;Ognjaci
0;22.3289,41.7547;2207;;Odžalija
0;21.0899,42.1248;1203;;Odri
0;22.1788,42.1469;1316;;Odreno
1138;21.3615,41.2817;7525;;Obršani
4972;22.3339,41.8833;2301;;Oblesevo
0;21.9108,42.1563;1314;;Oblavce
95;21.2209,41.1243;7242;;Oblakovo
479;21.1603,41.1601;7202;;Obednik
164;21.3141,41.1207;7241;;Novo Zmirnevo
0;21.6331,42.0958;1306;;Novo Selo
0;22.4667,42.0333;2304;;Novo Selo
0;21.3536,42.0283;1060;;Novo Selo
552;21.1589,41.9639;1218;;Novo Selo
0;20.8627,41.9445;1220;;Novo Selo
205;21.6227,41.8550;1053;;Novo Selo
0;20.8674,41.8345;1238;;Novo Selo
0;22.1819,41.7354;2000;;Novo Selo
0;20.8300,41.7333;1231;;Novo Selo
75;21.6486,41.6031;1413;;Novo Selo
0;22.3042,41.6100;2424;;Novo Selo
220;21.0533,41.5874;6254;;Novo Selo
11818;22.8834,41.4154;2435;;Novo Selo
0;20.8058,41.3097;6344;;Novo Selo
120;21.1907,41.3047;1054;;Novo Selo
0;20.6972,41.2381;6338;;Novo Selo
0;21.8483,42.0730;1305;;Novoseljane
0;22.2278,41.8842;2333;;Novo Selani
263;21.4335,41.4031;7504;;Novoselani
189;21.3931,41.2232;7512;;Novoselani
212;21.5160,41.3114;7500;;Novo Lagovo
0;22.9408,41.3937;2435;;Novo Konjarevo
0;22.7046,41.2191;1485;;Nov Dojran
0;22.6986,41.5264;2416;;Nova Maala
0;20.9150,41.9603;1221;;Novaḱe
0;20.6171,41.4365;1258;;Novak
2357;21.4587,41.0420;7211;;Novaci
6;21.7458,41.7667;1406;;Novačani
276;21.2785,41.8871;1063;;Nova Breznica
545;21.4513,41.1832;7215;;Nošpal
464;21.2762,41.3994;7550;;Norovo
285;21.9053,41.6289;1420;;Nogaevci
505;21.2455,41.0106;7205;;Nižepole
0;20.5914,41.7306;1255;;Nivište
0;22.3375,41.9553;2300;;Nivičani
0;20.6383,41.7343;1255;;Nistrovo
0;21.5797,42.0806;1306;;Nikushtak
0;21.7914,42.2195;1303;;Nikuljane
0;22.2900,41.7312;2000;;Nikoman
0;22.7450,41.2628;1485;;Nikoliḱ
793;21.3350,42.0672;1060;;Nikishtane
0;20.7752,41.6764;1256;;Nikiforovo
0;20.6732,41.7439;1256;;Ničpur
0;22.2379,42.1212;1333;;Nežilovo
178;21.4533,41.6500;1415;;Nezhilovo
0;20.6001,41.3379;6337;;Nerezi
0;22.1672,42.2894;1332;;Nerav
2901;21.1081,42.1071;1203;;Nerašte
0;21.0196,42.0523;1212;;Neprošteno
0;22.1917,41.9614;2212;;Neokazi
0;22.0140,41.9147;2220;;Nemanjica
0;22.8968,41.7770;2326;;Negrevo
17518;20.8839,41.8779;1236;;Negotino
19515;22.0906,41.4846;1235;;Negotino
0;22.4773,41.1840;1483;;Negorci
217;21.5585,41.4494;7504;;Nebregovo
0;22.4654,42.0697;2304;;Nebojani
626;21.1072,40.8933;7318;;Nakolec
0;22.0760,41.8395;2225;;Mustafino
0;22.2496,42.0951;1360;;Muškovo
388;21.5381,41.1664;7215;;Musinci
2202;22.7259,41.4154;2432;;Murtino
2283;21.2040,41.2203;7240;;Demir Hisar
0;21.8992,42.0722;1309;;Murgaš
0;22.5016,41.1645;1483;;Mrzenci
97;21.8537,41.4828;1421;;Mrzen Oraovec
0;21.6525,42.0167;1042;;Mrševci
0;21.9958,41.2075;1437;;Mrežičko
288;21.1080,41.2559;7244;;Mrenoga
0;20.8764,41.3819;6346;;Mramorec
703;21.6019,41.9569;1043;;Mralino
0;22.2456,42.1611;1333;;Moždivnjak
0;22.5761,42.0582;2304;;Moštica
0;20.7000,41.2028;6330;;Moroišta
0;22.4160,41.8485;2305;;Morodvis
1099;21.5500,41.9098;1020;;Morani
0;22.8548,41.3779;2435;;Mokrino
0;22.8386,41.3750;2435;;Mokrievo
43;21.5039,41.5494;1415;;Mokreni
198;21.5647,41.1490;7213;;Mojno
0;21.5714,42.0475;1045;;Mojance
0;22.3818,41.8740;2307;;Mojanci
0;22.4489,41.1331;1480;;Moin
114;21.2230,41.6510;6533;;Mogilec
4392;21.3790,41.1081;7216;;Mogila
87;21.2436,41.6391;6533;;Modrište
0;20.5716,41.3678;6337;;Modrič
0;21.8306,42.1613;1312;;Mlado Nagorichane
0;20.8928,41.7381;1231;;Mitroj Krsti
0;22.7398,41.7765;2332;;Mitrašinci
0;20.6933,41.3000;6338;;Mislodežda
1988;20.7086,41.1850;6330;;Mislesevo
958;21.4064,42.0944;1011;;Mirkovci
2573;22.4364,41.3092;1489;;Miravci
91;21.0531,41.4833;6259;;Miokazi
0;22.1522,42.1972;1316;;Milutince
89;21.3125,41.3091;7524;;Miloševo
458;21.8678,41.8044;2208;;Milino
0;22.4623,41.2832;1489;;Miletkovo
1820;21.0160,41.9075;1227;;Miletino
1315;21.6498,41.9803;1042;;Miladinovci
0;20.9258,41.6178;6253;;Midinci
0;21.1453,41.1382;7202;;Metimir
0;22.2285,42.2732;1334;;Meteževo
2452;20.7741,41.2381;6342;;Mešeišta
800;21.1746,41.9375;1218;;Merovo
0;22.6430,41.3339;2461;;Memešli
714;21.5900,41.6417;1413;;Melnica
214;21.5275,41.0803;7212;;Meglenci
0;21.4289,40.9279;7224;;Medžitlija
0;22.0619,41.9177;2225;;Mečkuevci
465;21.4991,41.3850;7504;;Mažučište
0;20.7334,41.6642;1256;;Mavrovo
914;20.7572,41.7022;1256;;Mavrovi Anovi
0;21.2861,41.9692;1063;;Matka
2781;21.5978,42.1256;1306;;Matejce
0;22.4983,41.2838;1489;;Marvinci
136;21.5490,41.2284;7514;;Marul
340;21.6525,41.5670;1414;;Martolci
0;22.3327,42.1828;1330;;Martinica
2503;21.5915,41.9878;1041;;Marino
82;21.3644,41.5369;7505;;Margari
0;22.0278,41.4664;1426;;Marena
0;22.1772,42.0246;2210;;Marčino
0;20.9453,41.4722;6261;;Manastirsko Dolenci
420;21.9443,41.4885;1422;;Manastirec
19;21.7275,41.1672;7508;;Manastir
410;21.8294,41.7886;2208;;Mamutčevo
31;21.7984,41.3723;1423;;Mal Radobil
257;21.1306,41.0339;7314;;Malovište
0;20.9358,41.7867;1230;;Malo Turčane
0;21.9329,42.2870;1302;;Malotino
68;21.5167,41.2623;7514;;Malo Ruvci
75;21.4863,41.4140;7504;;Malo Mramorani
829;21.4639,41.3364;7509;;Malo Konjari
167;21.0369,41.2975;7244;;Malo Ilino
22;20.9993,41.4031;6245;;Malo Crsko
0;20.6156,41.1192;6333;;Mali Vlaj
0;20.5475,41.4731;1258;;Mal Papradnik
139;21.8422,41.9490;1309;;Malino
69;21.3911,41.8797;1020;;Malčište
0;21.8848,42.1758;1314;;Makreš
0;22.0188,41.9682;1309;;Makreš
319;21.6094,41.1186;7213;;Makovo
12;21.9435,41.1537;7508;;Majden
0;21.9514,42.3373;1302;;Mglence
165;21.2361,41.0421;7205;;Magarevo
0;22.7999,41.7501;2332;;Mačevo
159;21.1310,41.6582;6535;;Lupšte
1424;20.6064,41.3534;6337;;Lukovo
0;22.6158,42.0211;2304;;Lukovica
0;22.2772,42.3366;1334;;Luke
16;21.7794,41.8347;1407;;Lugunci
0;22.3678,41.5012;2424;;Lubnica
509;21.4039,41.2078;7512;;Loznani
0;20.6758,41.2272;6334;;Ložani
194;21.5951,41.1814;7213;;Lopatica
665;21.2545,41.1597;7242;;Lopatica
0;21.6642,42.1486;1325;;Lopate
0;20.8328,41.8961;1236;;Lomnica
208;21.2758,41.5753;6533;;Lokvica
230;21.3078,41.3993;7507;;Lokveni
0;20.6483,41.3661;6337;;Lokov
2234;21.6655,42.2328;1324;;Lojane
1272;21.4097,41.0310;7204;;Logovardi
0;21.4717,42.0975;1011;;Lyuboten
0;22.2437,41.6692;2000;;Ljuboten
965;21.1408,40.8942;7318;;Ljubojno
0;21.6616,42.1180;1322;;Ljubodrag
1230;21.3092,42.0014;1060;;Ljubin
0;20.7716,40.9179;6306;;Lubaništa
0;21.4547,42.1086;1011;;Ljubanci
0;20.8131,41.2017;6341;;Livoišta
0;20.7230,41.2305;6338;;Livada
551;21.3025,41.1483;7242;;Lisolaj
329;21.6071,41.6764;1413;;Lisiče
1188;21.0544,41.4614;6259;;Lisičani
0;20.9245,42.0028;1219;;Lisec
0;22.2450,41.7064;2000;;Lipov Dol
28102;21.5856,42.1570;1307;;Lipkovo
0;22.5524,41.8417;2314;;Lipec
0;22.1828,41.9169;2212;;Lezovo
205;21.0061,41.1586;7320;;Leva Reka
0;20.7978,41.6950;1256;;Leunovo
16;21.7049,41.8491;1044;;Letevci
0;21.0316,42.0651;1224;;Lešok
0;22.2308,42.0140;2212;;Lesnovo
0;20.8550,41.7994;1234;;Lešnica
0;20.9092,41.5714;6257;;Lešnica
0;21.1206,41.2219;7240;;Leskovo
0;22.2450,41.5962;1441;;Leskovica
0;20.8281,41.1503;6000;;Leskoec
0;20.8756,40.9572;6306;;Leskoec
0;22.3769,41.9772;2300;;Leški
0;22.4814,41.8678;2310;;Leski
0;20.8606,41.2778;6344;;Lešani
444;21.1722,41.1024;7314;;Lera
0;22.2111,41.9022;2333;;Lepopelci
40;21.6231,41.3603;7500;;Lenište
0;21.3788,40.9117;7223;;Lažec
0;20.6949,41.5360;1257;;Lazaropole
1954;21.3158,41.4422;7507;;Lažani
0;20.9610,41.0444;7315;;Lavci
517;21.3025,41.0147;7000;;Lavci
0;20.9561,42.0256;1200;;Lavce
0;20.8672,41.4858;6261;;Lavčani
169;21.1690,41.4881;6530;;Latovo
990;21.2109,41.9750;1063;;Laskarci
1489;21.1263,41.9332;1218;;Larce
0;20.7964,41.3875;6346;;Laktinje
0;22.6683,41.7970;2314;;Laki
0;20.9232,41.7473;1239;;Lakavica
0;22.2360,41.6385;2000;;Lakavica
6;20.5328,41.3252;6337;;Lakaica
8805;20.5961,41.2686;6336;;Labunista
179;21.2112,41.2074;7240;;Kutretino
20;21.9061,42.0544;1309;;Kutlibeg
82;21.4149,41.4068;7504;;Kutleševo
0;22.6944,41.2947;2461;;Kurtamzali
0;22.0134,41.5262;1427;;Kurija
0;22.3244,41.7610;2207;;Kurfalija
182;21.0685,40.9849;7316;;Kurbinovo
0;20.8898,41.2427;6344;;Kuratica
0;22.2491,42.0707;1360;;Kunovo
0;20.9521,41.7424;1239;;Kunovo
0;22.1451,42.0232;2210;;Kundino
102;21.8181,41.7772;1406;;Kumarino
75051;21.7158,42.1328;1300;;Kumanovo
41;21.9947,41.2836;1437;;Kumaničevo
2395;21.3245,41.0956;7241;;Kukurečani
0;22.1068,41.9294;2210;;Kukovo
4368;22.6653,41.4053;2410;;Kuklis
0;22.0381,42.1086;1361;;Kuklica
608;21.3050,42.0569;1060;;Kuchkovo
0;21.8609,42.0339;1309;;Kučkarevo
0;22.3175,41.8450;2333;;Kučičino
0;22.3817,41.7415;2420;;Kučica
0;21.4181,42.1097;1011;;Kuchevishte
0;21.9460,42.0283;1309;;K’šanje
1277;21.3436,41.9965;1000;;Krušopek
65;21.7686,41.8764;1407;;Krušje
0;21.8237,41.9151;1407;;Krušica
30;21.0517,41.5244;6262;;Krušica
5211;21.2489,41.3689;7550;;Krusevo
78;21.8828,41.5331;1421;;Kruševica
284;21.6516,41.2058;7506;;Kruševica
835;21.3487,41.3119;7524;;Krušeani
0;22.2497,41.8419;2207;;Krupište
0;22.3025,42.3117;1334;;Krstov Dol
9;21.6711,41.4044;7500;;Krstec
0;21.3465,40.9921;7221;;Krstoar
0;22.1267,41.3075;1437;;Krnjevo
6;21.7783,41.5208;1414;;Krnino
0;22.3942,42.2139;1335;;Krkla
714;21.3296,41.0736;7241;;Krklino
0;22.1204,41.5264;1441;;Krivolak
5899;21.3331,41.3361;7524;;Krivogashtani
0;22.1392,42.2375;1332;;Krivi Kamen
0;22.1047,41.7868;2225;;Krivi Dol
145;21.0238,41.1397;7320;;Kriveni
0;20.5233,41.5472;1250;;Krivci
20820;22.3339,42.2020;1330;;Kriva Palanka
17;21.6239,41.6000;1413;;Kriva Kruša
0;22.1208,42.1222;1316;;Krilatica
0;21.4590,40.9237;7224;;Kremenica
0;21.3784,40.9940;7221;;Kravari
10288;22.1817,42.0791;1360;;Kratovo
183;21.3105,41.5519;7537;;Krapa
1087;21.1091,40.9393;7317;;Krani
0;20.6936,41.7558;1256;;Krakornica
86;21.7781,41.5708;1414;;Krajnici
70;21.6817,41.8408;1044;;Kožle
0;22.2739,41.8090;2207;;Kozjak
396;21.0431,41.0586;7315;;Kozjak
41;21.0898,41.5338;6262;;Kozičino
0;20.9330,41.4197;6255;;Kozica
0;22.4721,41.7262;2420;;Kozbunar
33;21.1731,41.6625;6535;;Kovče
0;22.4140,41.2247;1483;;Kovanec
119;21.1327,41.6793;6535;;Kovač
0;22.6110,41.3573;2413;;Kosturino
0;22.4664,42.1782;1335;;Kostur
0;22.6389,42.0480;2304;;Kostin Dol
0;22.4597,42.0202;2312;;Kostin Dol
198;21.4069,41.5017;7505;;Kostinci
235;21.1345,41.7290;6535;;Kosovo
0;21.8769,42.0714;1304;;Kosmatac
248;21.2898,41.4681;7537;;Košino
0;22.3475,41.7033;2000;;Koševo
1281;20.8356,41.1744;6000;;Kosel
0;22.3143,41.4005;1442;;Košarka
0;22.3587,42.2038;1330;;Košari
0;22.0153,41.3559;1434;;Košani
0;20.7472,41.2495;6338;;Korošišta
875;21.0267,41.8058;1237;;Korito
142;21.3255,41.3567;7524;;Korenica
0;22.2536,41.3383;1442;;Koprišnica
0;21.2350,42.0078;1063;;Kopanica
0;21.1378,42.0483;1215;;Kopance
715;21.1387,41.9590;1218;;Kopačin Dol
0;20.8135,41.0510;6000;;Konjsko
0;20.9870,40.9110;6306;;Konjsko
0;22.2935,42.1826;1330;;Konopnica
327;22.0761,41.2473;1437;;Konopište
0;21.9597,42.0814;1309;;Konjuh
11656;21.3143,42.0115;1060;;Kondovo
3475;22.3855,41.4953;2424;;Konče
0;21.8158,42.0167;1305;;Kolicko
0;20.9625,41.5722;6257;;Kolibari
0;22.8143,41.3807;2435;;Kolešino
0;20.9106,41.6342;6253;;Kolari
53;21.6292,41.2915;7506;;Kokre
0;21.9664,42.0131;1309;;Kokošinje
0;22.2926,42.0806;1333;;Kojkovo
0;22.4203,41.6894;2420;;Kodžalija
0;20.5983,41.4439;1258;;Kodžadžik
0;22.6960,41.3112;2461;;Kočuli
110;21.1716,41.3449;1054;;Kočište
177;21.8625,41.6650;1400;;Kočilari
34258;22.4128,41.9164;2300;;Kochani
101;21.9053,41.8475;2220;;Knežje
0;20.9169,41.5219;6250;;Knežino
0;22.3133,42.1104;1333;;Kneževo
0;22.2903,41.3830;1442;;Klisura
0;20.7668,41.2559;6342;;Klimeštani
366;21.4596,41.2044;7512;;Klepač
0;20.8083,41.4769;6346;;Klenoec
573;21.8544,42.1164;1304;;Klečevce
0;20.9725,41.4404;6258;;Kladnik
85;21.9122,41.7086;2208;;Kišino
0;22.3444,42.2512;1334;;Kiselica
0;22.7469,42.0213;2320;;Kiselica
0;21.3125,40.8877;7223;;Kišava
31123;20.9587,41.5127;6250;;Kičevo
0;22.0879,42.1059;1361;;Ketenovo
165;21.1471,41.0660;7314;;Kažani
0;22.5729,41.2755;2460;;Kazandol
0;22.2829,42.1177;1333;;Krvačko
38799;22.0122,41.4334;1430;;Kavadarci
811;21.6809,41.8921;1044;;Katlanovo
0;21.8781,42.2640;1302;;Karlovce
0;20.9768,41.4653;6259;;Karbunica
3900;22.2325,41.8177;2207;;Karbinci
574;21.8678,41.7629;2208;;Karatmanovo
529;21.3939,41.0647;7204;;Karamani
5;21.6536,41.8097;1044;;Karabunjište
0;21.7414,42.2289;1308;;Karabičane
6;21.4594,41.6250;1415;;Kapinovo
0;21.3549,40.9459;7223;;Kanino
1041;21.5033,41.2103;7514;;Kanatlarci
0;21.9192,42.1867;1314;;Kanarevo
15376;20.9289,41.9457;1221;;Kamenjane
8114;22.5898,42.0214;2304;;Makedonska Kamenica
117;21.8924,41.4793;1421;;Kamen Dol
0;22.5156,41.5722;2423;;Kaluǵerica
136;21.2413,41.6611;6533;;Kaluǵerec
0;20.6500,41.1524;6333;;Kališta
0;22.5900,41.9581;2316;;Kalimanci
110;21.6449,41.2568;7506;;Kalen
0;21.4590,41.8327;1053;;Kaldirec
0;22.3337,41.7856;2207;;Kalauzlija
0;22.4936,41.6700;2420;;Kalauzlija
0;22.3103,41.7053;2000;;Kalapetrovci
0;22.2644,41.5056;2424;;Kalanjevo
0;22.0455,41.8094;2225;;Kadrifakovo
418;21.4597,41.3067;7509;;Kadino Selo
1466;21.6014,41.9689;1041;;Kadino
2061;21.5569,41.9672;1047;;Jurumleri
0;22.3518,41.7750;2305;;Junuzlija
0;20.8732,41.4447;6255;;Judovo
0;22.4740,41.3326;2464;;Josifovo
0;21.0561,42.1010;1211;;Jelošnik
7313;21.1231,42.0724;1215;;Jegunovce
0;21.0011,42.0472;1212;;Jedoarce
0;21.1762,42.1638;1206;;Jažince
0;20.8792,41.5194;6261;;Javorec
0;22.4005,41.9999;2300;;Jastrebnik
818;22.5619,41.5878;2423;;Jargulica
1291;21.0114,41.1103;7320;;Jankovec
0;21.1165,42.0548;1215;;Jančište
0;20.6264,41.5884;1257;;Janče
0;22.2893,42.0583;2212;;Jamište
209;21.2605,41.4477;7507;;Jakrenovo
1101;22.5122,41.9000;2310;;Jakimovo
31;21.0153,41.6278;6254;;Jagol Dolenci
352;21.0066,41.6277;6254;;Jagol
0;21.8801,42.1049;1304;;Jačince
180;21.3311,41.8953;1063;;Jabolci
0;20.5802,41.3148;6337;;Jablanica
1014;21.5781,42.2032;1307;;Izvor
696;21.6972,41.5547;1414;;Izvor
72;21.0858,41.4883;6539;;Ižište
0;20.8267,41.3364;6344;;Izdeglavje
262;21.0041,41.1318;7320;;Izbišta
41;21.6427,41.0440;7213;;Iveni
1009;21.8203,41.8489;1407;;Ivankovci
970;21.3589,41.2064;7245;;Ivanjevci
0;20.7917,41.4619;6346;;Ivančišta
0;22.5017,41.9291;2312;;Istibanja
0;22.4242,41.6103;2420;;Injevo
72;21.1850,41.6416;6533;;Inče
2042;22.8048,41.4722;2433;;Ilovica
0;22.6408,41.9954;2304;;Iliovo
0;20.9589,41.1500;7320;;Ilino
2292;21.5756,41.9608;1047;;Idrizovo
0;20.5268,41.5517;1250;;Hame
1159;21.1054,41.8451;1237;;Gurgurnica
194;21.6019,41.8342;1053;;Gumalevo
0;22.0621,42.2278;1316;;Gulinci
0;22.1989,41.8919;2333;;Gujnovci
4;21.7978,41.2836;7506;;Guǵakovo
0;21.6206,42.0608;1045;;Grushino
744;21.1305,41.9675;1218;;Grupčin
26;21.6946,41.0524;7214;;Grunište
69;21.5844,41.0439;7213;;Grumazi
40;21.8211,41.6236;1408;;Grnčište
1205;21.0533,41.0172;7316;;Grnčari
0;22.6152,41.9322;2316;;Grljani
0;20.8657,41.2908;6344;;Grko Pole
0;22.1467,42.0378;2210;;Grizilevci
0;20.9351,41.5748;6257;;Grešnica
105;21.1895,41.5622;6530;;Grešnica
20;20.5847,41.7243;1255;;Grekanje
0;22.4192,41.8808;2307;;Grdovci
0;22.4986,41.2569;1489;;Grčište
1315;21.3303,41.9881;1063;;Grčec
260;21.2199,41.2369;7240;;Graište
0;21.3440,40.9010;7223;;Graešnica
0;22.6621,41.4226;2410;;Gradski Baldovci
3737;21.9426,41.5785;1420;;Gradsko
61;21.5800,41.8497;1053;;Gradovci
0;22.6255,41.4824;2411;;Gradošorci
59;21.7227,41.8985;1044;;Gradmanci
0;21.8878,42.0231;1309;;Gradište
687;21.7628,41.0840;7214;;Gradešnica
0;22.2887,42.2172;1330;;Gradec
3751;20.9040,41.8970;1214;;Gradec
1244;22.5113,41.8507;2310;;Gradec
0;22.8444,41.9377;2325;;Grad
0;21.2937,42.0884;1060;;Gračani
124;21.3449,41.9335;1063;;Govrlevo
50974;20.9080,41.7963;1230;;Gostivar
208;21.4308,41.5542;1415;;Gostiražni
0;21.5174,42.2126;1307;;Gošince
1061;21.8760,41.8751;1407;;Gorobinci
184;21.5559,41.6810;1413;;Gorno Vranovci
0;22.1710,41.8570;2207;;Gorno Trogerci
0;20.6772,41.2603;6334;;Gorno Tateši
0;21.2787,42.0437;1060;;Gorno Svilare
915;20.9656,41.6061;6253;;Gorno Strogomište
0;20.8525,41.3006;6344;;Gorno Sredorečje
182;21.3849,41.9488;1000;;Gorno Solnje
113;21.5339,41.4208;7504;;Gorno Selo
0;20.9440,41.9359;1221;;Gorno Sedlarce
0;20.9209,41.9800;1219;;Gorno Palčište
0;21.4090,42.0610;1011;;Gorno Orizari
1999;21.7347,41.6858;1408;;Gorno Orizari
0;21.3733,41.9789;1000;;Gorno Nerezi
0;20.5881,41.5189;1250;;Gorno Melničani
0;22.4931,41.5114;2434;;Gorni Lipoviḱ
0;20.8050,41.1686;6000;;Gorno Lakočerej
192;21.1307,41.5817;6533;;Gorno Krušje
0;22.2081,42.0928;1360;;Gorno Kratovo
0;20.5748,41.5469;1257;;Gorno Kosovrasti
0;21.7275,42.1817;1308;;Gorno Konjare
237;21.7223,41.9757;1042;;Gorno Konjari
654;21.4723,41.8802;1020;;Gorno Količani
53;21.8364,41.6961;1400;;Gorno Karaslari
0;20.7893,41.8079;1231;;Gorno Jelovce
977;21.4858,41.7225;1415;;Gorno Jabolchishte
0;20.9753,41.0622;7315;;Gorno Dupeni
37;21.9871,41.9922;1309;;Gorno Ǵuǵance
0;20.8883,41.5086;6261;;Gorni Dobrenoec
121;21.1723,41.4152;7550;;Gorno Divjaci
357;21.9545,41.8168;2227;;Gorno Crnilište
85;21.8617,41.5533;1421;;Gorno Čičevo
31;21.4336,41.1528;7215;;Gorna Čarlija
369;21.4764,41.0847;7212;;Gorno Aglarci
0;21.3801,42.1099;1011;;Gornjane
0;22.0995,42.0117;2210;;Gorni Stubol
65;21.1862,41.6226;6533;;Gorni Manastirec
0;22.1075,41.3925;1443;;Gorni Disan
0;22.2012,41.8422;2207;;Gorni Balvan
0;20.9076,41.7085;1239;;Gorna Ǵonovica
0;22.1078,41.2833;1437;;Gorna Bošava
241;21.3048,41.6762;6533;;Gorna Belica
0;20.5566,41.2235;6335;;Gorna Belica
591;21.0281,41.0503;7315;;Gorna Bela Crkva
0;20.8937,41.7803;1230;;Gorna Banjica
0;20.8814,41.8978;1214;;Gorjane
0;20.5563,41.5023;1258;;Gorenci
0;20.7575,41.1903;6341;;Gorenci
0;22.2784,41.6415;2000;;Goračino
0;21.1219,41.1200;7202;;Gopeš
134;21.6285,41.6422;1413;;Golozinci
196;21.8057,41.3786;1423;;Golem Radobil
0;20.5444,41.4767;1258;;Golem Papradnik
906;21.4403,41.3431;7509;;Golemo Konjari
208;21.0030,41.3140;6245;;Golemo Ilino
0;20.9947,41.3997;6245;;Golemo Crsko
3050;20.9452,41.9880;1219;;Golema Rečica
0;20.7906,41.4017;6346;;Godivje
297;21.3175,41.3686;7524;;Godivle
23;21.5858,41.0128;7225;;Gnileš
0;21.4848,40.9843;7211;;Gneotino
0;21.3050,41.9801;1063;;Glumovo
0;21.0618,42.0882;1224;;Gloǵi
0;20.6428,41.3169;6337;;Globočica
0;22.0251,41.4529;1426;;Glišiḱ
0;22.1567,42.1881;1316;;Ginovci
20664;22.5011,41.1429;1480;;Gevgelija
0;20.9683,42.0525;1212;;Ǵermo
0;21.5315,40.9170;7225;;Germijan
0;22.1033,42.2781;1332;;German
0;22.7135,41.4855;2430;;Gečerlija
0;22.2900,41.5590;2424;;Garvan
0;20.6831,41.5014;1257;;Gari
44;21.0197,41.5371;6262;;Garani
15;21.8639,41.3211;1423;;Galište
0;20.6528,41.5942;1254;;Galičnik
338;21.4783,41.3043;7509;;Galičani
0;22.1785,41.8940;2333;;Gajranci
0;22.7994,41.9860;2320;;Gabrovo
0;22.7953,41.3764;2435;;Gabrovo
0;22.4019,41.2856;1489;;Gabrovo
8;21.4956,41.5264;1415;;Gabrovnik
0;22.3792,41.5644;2424;;Gabrevci
0;21.8558,42.0084;1309;;Gabreš
0;21.2411,41.1339;7242;;Gabalavci
0;22.6132,41.2414;1484;;Furka
0;20.6255,41.1448;6333;;Frangovo
3637;20.9617,41.8233;1237;;Forino
0;22.0909,42.0568;1360;;Filipovci
134;21.8008,41.4534;1423;;Fariš
0;21.0220,41.0282;7315;;Ezerani
0;20.9561,41.0750;7310;;Evla
684;21.4828,41.2135;7514;;Erekovci
0;22.0340,41.8328;2225;;Erdželija
0;22.3503,42.0855;1333;;Emirica
164;21.6552,41.6467;1413;;Elovec
0;20.6234,41.4202;6337;;Elevci
0;20.7658,41.4597;6346;;Ehlovec
0;22.5875,41.5056;2412;;Edrenikovo
0;22.7331,41.4322;2431;;Ednokuḱevo
552;21.2487,41.2603;7240;;Edinakovci
2836;21.9062,41.7836;2208;;Lozovo
43;21.7915,41.8955;1407;;Džidimirci
0;20.5334,41.4432;1258;;Džepište
0;20.7381,41.2478;6338;;Džepin
8166;20.9982,42.0329;1212;;Džepčište
66;21.0928,41.4647;6539;;Dvorci
0;21.1651,42.0990;1062;;Dvorce
128;21.8761,41.8281;1407;;Ǵuzemelci
0;20.8139,41.4910;6261;;Dolna Dušegubica
0;22.6781,41.2936;2461;;Durutli
0;22.3560,42.1788;1330;;Duračka Reka
45;21.0725,41.5417;6262;;Dupjani
179;21.5219,41.4408;7504;;Dupjačani
333;21.6930,41.2577;7506;;Dunje
0;22.5661,41.9831;2304;;Dulica
0;22.5454,41.5446;2412;;Dukatino
0;20.7729,41.7583;1231;;Duf
106;22.1450,41.4706;1235;;Dubrovo
0;22.7731,41.4982;2430;;Drvoš
3149;20.9264,41.4849;6261;;Drugovo
0;20.9986,41.0328;7315;;Drmeni
0;22.2110,42.0081;2210;;Dreveno
116;21.2961,41.2000;7245;;Drevenik
117;21.5714,41.7286;1413;;Drenovo
59;21.2363,41.4664;6530;;Drenovo
888;21.8900,41.4194;1423;;Drenovo
376;21.5440,41.4691;7504;;Drenovci
0;22.0308,42.2011;1361;;Drenok
0;22.1504,41.9662;2210;;Drenok
0;20.5606,41.3914;6337;;Drenok
0;22.3525,42.1325;1330;;Drenak
0;22.2466,41.3662;1442;;Dren
16;21.7796,41.3295;7506;;Dren
629;22.9206,41.3736;2435;;Draževo
0;20.6931,41.2156;6330;;Draslajca
0;22.6894,42.0157;2304;;Dramče
0;22.0168,41.3229;1434;;Dragožel
475;21.2928,41.1108;7241;;Dragožani
46;21.2175,41.6024;6533;;Dragov Dol
0;21.3509,40.8819;7223;;Dragoš
0;21.8682,42.2199;1303;;Dragomance
0;22.1331,41.6733;2000;;Dragoevo
0;22.5994,41.8972;2316;;Dragobrašte
148;21.3090,41.0979;7241;;Dragarino
8;21.9069,41.3956;1423;;Dradnja
10605;21.5217,41.9367;1020;;Dračevo
584;21.4421,41.8822;1020;;Dračevica
0;22.1961,41.3497;1442;;Dračevica
0;21.9075,42.1019;1304;;Dovezence
0;22.6693,41.3392;2461;;Dorlombos
860;21.8928,41.7655;2208;;Dorfulija
0;22.6651,41.2559;1485;;Ǵopčeli
208;21.7050,41.5889;1414;;Dolno Vranovci
0;22.1728,41.8387;2207;;Dolno Trogerci
0;20.6892,41.2586;6338;;Dolno Tateši
0;21.2860,42.0275;1060;;Dolno Svilare
0;20.9731,41.5928;6254;;Dolno Strogomište
0;20.8439,41.2947;6344;;Dolno Sredorečje
617;21.3786,41.9408;1000;;Dolno Sonje
0;20.9694,41.9681;1216;;Dolno Sedlarce
2414;20.9290,41.9686;1221;;Dolno Palčište
5;21.7489,41.6742;1408;;Dolno Orizari
1236;21.3794,41.0503;7204;;Dolno Orizari
0;21.3786,41.9975;1000;;Dolno Nerezi
0;20.5726,41.5167;1250;;Dolno Melničani
0;21.5344,41.9562;1047;;Dolno Lisiče
0;22.4569,41.5042;2434;;Dolni Lipoviḱ
0;20.7956,41.1589;6000;;Dolno Lakočerej
69;21.1454,41.5945;6533;;Dolno Krušje
0;20.5835,41.5385;1257;;Dolno Kosovrasti
656;21.7092,41.9429;1044;;Dolno Konjari
1276;21.4856,41.8864;1020;;Dolno Količani
404;21.8379,41.6893;1400;;Dolno Karaslari
0;20.8369,41.8017;1231;;Dolno Jelovce
0;20.9833,41.0667;7315;;Dolno Dupeni
563;21.1197,40.8756;7318;;Dolno Dupeni
377;21.9578,41.9683;1309;;Dolno Ǵuǵance
70;20.8975,41.4989;6261;;Dolni Dobrenoec
118;21.1856,41.3903;7550;;Dolno Divjaci
116;21.9648,41.8169;2227;;Dolno Crnilište
243;21.8762,41.5478;1421;;Dolno Čičevo
507;21.4385,41.1413;7212;;Dolna Čarlija
0;22.0637,41.9814;2210;;Dolno Barbarevo
368;21.4703,41.0925;7212;;Dolno Aglarci
0;22.1206,41.9992;2210;;Dolni Stubol
243;21.2106,41.6269;6533;;Dolni Manastirec
0;22.0956,41.4283;1443;;Dolni Disan
0;22.2017,41.8059;2207;;Dolni Balvan
11534;21.4546,41.4246;7504;;Dolneni
546;21.0603,41.9567;1226;;Dolna Lešnica
0;20.9025,41.7171;1239;;Dolna Ǵonovica
0;22.1062,41.2957;1437;;Dolna Bošava
0;20.6350,41.2133;6334;;Dolna Belica
400;21.0308,41.0375;7315;;Dolna Bela Crkva
10147;20.9061,41.7861;1230;;Dolna Banjica
0;20.5868,41.4231;1258;;Dolgaš
195;21.3756,41.5353;7505;;Dolgaec
242;21.0980,41.3154;7244;;Dolenci
466;21.1550,41.0839;7314;;Dolenci
0;22.2010,41.6934;2000;;Dolani
2103;21.4825,41.1686;7215;;Dobruševo
0;21.6023,40.9499;7225;;Dobroveni
0;21.9350,41.3736;1434;;Dobrotino
3339;21.0778,42.1033;1211;;Dobrošte
0;22.0778,41.7412;2000;;Dobrošani
0;21.7572,42.1003;1300;;Dobroshane
565;21.4558,41.0694;7211;;Dobromiri
178;21.5994,41.7882;1053;;Dobrino
476;21.4049,41.9272;1000;;Dobri Dol
4124;20.8901,41.8652;1236;;Dobri Dol
0;22.1958,42.0239;2210;;Dobrevo
0;22.6753,41.5253;2416;;Dobrošinci
0;22.6525,41.4608;2411;;Dobrejci
0;21.7833,42.0062;1323;;D'lga
0;22.0425,42.2903;1302;;Dlabočica
0;22.2414,42.1986;1332;;Dlabochica
121;21.7676,41.9270;1044;;Divlje
644;21.2639,41.0303;7205;;Dihovo
171;21.2261,41.5510;6530;;Devič
1317;21.4911,41.4628;7504;;Desovo
4451;22.2431,41.4063;1442;;Demir Kapija
8413;20.7218,41.2573;6338;;Delogožda
0;21.6703,42.0150;1042;;Deljadrovci
8;21.9948,41.7825;2227;;Delisinci
17415;22.7694,41.9672;2320;;Delcevo
0;22.0187,42.2552;1302;;Dejlovce
156;21.5675,41.7920;1053;;Dejkovec
0;22.4247,41.5700;2420;;Dedino
0;22.6047,41.2842;2461;;Dedeli
474;21.4857,41.1163;7212;;Dedebalci
173;21.8819,41.4597;1423;;Debrište
0;21.3172,41.4795;7537;;Debrešte
4;20.8842,41.8159;1234;;Debreše
18074;20.5220,41.5229;1250;;Debar
0;22.4327,41.3320;2464;;Davidovo
0;22.5356,41.1939;1484;;Ǵavato
523;21.1365,41.0822;7314;;Ǵavato
0;22.3611,41.6131;2420;;Damjan
410;21.4742,41.1086;7212;;Dalbegovci
0;22.0140,41.3786;1434;;Dabnište
17;21.5647,41.3973;7500;;Dabnica
0;21.3662,41.4277;7507;;Dabjani
0;22.6906,41.4432;2431;;Dabilja
0;21.9209,42.2182;1302;;Cvilance
610;21.4098,41.8577;1020;;Cvetovo
8646;21.3822,42.1036;1011;;Chucher-Sandevo
0;22.2950,41.8109;2207;;Crvulevo
98;21.4589,41.8575;1020;;Crvena Voda
0;20.7671,41.3206;6344;;Crvena Voda
577;21.2240,41.1557;7242;;Crnovec
830;21.3223,41.1236;7241;;Crnobuki
0;22.5365,41.9232;2312;;Crn Kamen
1303;21.4142,41.5303;7505;;Crnilište
0;22.8816,41.8214;2326;;Crnik
0;22.6546,41.2360;1485;;Crničani
140;21.5400,41.1247;7212;;Crničani
471;21.7957,41.6570;1408;;Crkvino
40;21.4889,41.6339;1415;;Creshnevo
358;21.2861,41.6436;6533;;Crešnevo
0;21.9811,41.7047;2208;;Creška
1479;21.5097,42.0508;1045;;Cresevo
191;21.9421,41.7582;2208;;Ḱoselari
482;21.6272,41.9451;1043;;Ḱojlija
95;21.5685,41.2821;7500;;Čumovo
444;21.3526,41.9476;1000;;Čiflik
854;21.1206,41.9514;1218;;Čiflik
0;22.3175,41.8689;2301;;Čiflik
0;22.8568,41.7610;2326;;Čiflik
0;22.2221,41.3886;1442;;Čiflik
0;21.7628,42.2156;1308;;Četirce
2377;22.2896,41.8715;2333;;Češinovo
431;21.1364,41.9923;1218;;Cerovo
0;20.8458,41.7225;1231;;Cerovo
67;21.0913,41.2159;7202;;Cerovo
0;21.6831,42.1239;1300;;Cherkezi
0;22.4875,42.0694;2304;;Cera
390;21.0731,41.4171;6258;;Cer
218;21.3962,41.2486;7512;;Čepigovo
0;22.1419,41.2928;1437;;Čemersko
0;21.8264,42.2272;1303;;Chelopek
4731;21.0133,41.9317;1227;;Čelopek
414;21.0284,41.4729;6259;;Čelopeci
0;22.2786,41.4244;1442;;Čelevec
12523;20.9758,41.8389;1237;;Cegrane
2878;21.6622,41.6506;1413;;Čaška
32;21.7719,41.3564;1423;;Careviḱ
0;21.0059,41.0434;7315;;Carev Dvor
0;22.1845,41.7806;2000;;Čardaklija
1311;21.1788,41.0566;7313;;Capari
348;21.6856,41.1653;7213;;Čanište
0;22.7319,41.5147;2416;;Čanaklija
197;21.7961,41.7547;1406;;Čaloševo
0;22.6400,41.3033;2461;;Čalakli
4;20.9319,41.8047;1230;;Čajle
510;21.2550,41.9624;1063;;Čajlane
945;21.6758,41.7386;1406;;Buzalkovo
68;21.7039,41.6231;1413;;Busilci
0;20.6172,41.3953;6337;;Burinec
0;22.0656,41.8793;2225;;Burilovci
0;22.2969,41.8423;2333;;Burilčevo
0;22.2361,41.9525;2212;;Buneš
281;21.6169,41.9933;1041;;Bunardzik
0;22.0814,41.3367;1437;;Bunarče
1033;21.5028,42.0706;1045;;Bulacani
0;21.3323,40.9943;7221;;Bukovo
0;21.9940,42.3080;1302;;Bukovljane
1256;21.2390,41.9710;1063;;Bukovik
0;20.9594,41.6253;6253;;Bukojčani
0;21.6497,42.0039;1042;;Bujkovci
0;22.7749,41.7633;2332;;Budinarci
188;21.7292,41.0568;7214;;Budimirci
309;21.4746,41.1392;7212;;Budakovo
0;22.1970,41.9290;2212;;Bučište
0;21.6408,42.0333;1042;;Buchinci
1243;21.3169,41.2738;7525;;Bučin
0;22.3395,41.6702;2000;;Bučim
0;20.9108,41.4462;6255;;Brždani
0;21.6758,42.0656;1322;;Brzak
16267;20.9809,41.9671;1216;;Brvenica
0;22.2060,41.5114;1441;;Brusnik
790;21.2853,41.0231;7205;;Brusnik
16;21.9550,41.4008;1434;;Brušani
0;20.5836,41.4932;1258;;Broštica
0;21.4424,42.1397;1011;;Brodec
0;20.8926,42.0587;1200;;Brodec
0;20.6864,41.7864;1256;;Brodec
5607;21.2164,41.5133;6530;;Makedonski Brod
0;21.5650,40.9511;7225;;Brod
384;21.5484,42.0342;1045;;Brnjarci
30;21.6392,41.0819;7213;;Brnik
197;21.1272,41.3422;1054;;Brezovo
0;21.0388,42.0868;1224;;Brezno
186;21.2267,41.7365;6535;;Breznica
29;21.7253,41.8706;1044;;Katlanovska Breznica
0;20.9613,41.2717;7244;;Brežani
0;21.4766,42.1987;1307;;Brest
325;21.1572,41.7247;6535;;Brest
0;22.3243,41.6064;2424;;Brest
0;20.6728,41.2977;6338;;Brčevo
0;21.3986,42.0808;1011;;Brazda
0;22.6695,42.0499;2304;;Vratislavci
304;21.2614,41.0550;7205;;Bratin Dol
0;22.5222,41.2917;2460;;Brajkovci
755;21.1592,40.9064;7318;;Brajčino
436;21.4621,41.4771;7505;;Brailovo
0;20.8273,42.0536;1219;;Bozovce
0;20.7899,41.2863;6344;;Botun
12447;22.7279,41.4406;2431;;Bosilovo
0;20.5965,41.2893;6336;;Boroec
336;21.4010,41.2898;7525;;Borotino
0;22.8260,41.3788;2435;;Borisovo
474;21.2783,41.4323;7507;;Borino
0;22.7652,41.4230;2433;;Borievo
243;21.5979,41.2283;7514;;Bonče
0;20.9722,41.1094;7320;;Bolno
0;20.6010,41.6576;1255;;Boletin
1579;21.1927,42.0001;1063;;Bojane
0;22.0282,41.2616;1437;;Bojančište
0;22.1626,41.2874;1437;;Bohula
15166;20.9153,41.9224;1220;;Bogovinje
0;22.0218,41.7730;2227;;Bogoslovec
0;22.5499,41.1399;1488;;Bogorodica
1223;21.4717,41.5931;1415;;Bogomila
0;20.7002,41.7437;1256;;Bogdevo
8636;22.5759,41.2036;1484;;Bogdanci
90;21.1610,41.7597;6535;;Blizansko
0;22.2169,42.0525;1360;;Blizanci
2024;22.5791,41.8367;2314;;Blatec
0;21.3335,42.1513;1011;;Blace
385;21.0212,41.8951;1227;;Blace
60;21.6650,41.8714;1044;;Blace
0;20.5886,41.6163;1254;;Bituše
216;21.0811,41.7457;6535;;Bitovo
69287;21.3355,41.0323;7000;;Bitola
330;21.5161,41.6156;1415;;Bistrica
4798;21.3658,40.9789;7221;;Bistrica
0;22.2007,41.4480;1442;;Bistrenci
0;21.2702,41.3121;7524;;Birino
0;21.7326,42.1027;1322;;Biljanovce
189;20.9892,41.4881;6250;;Bigor Dolenci
0;22.6886,41.9539;2320;;Bigla
0;20.6983,41.2300;6338;;Bidžovo
0;20.6275,41.7319;1255;;Bibanje
0;22.5281,41.9725;2312;;Bezikovo
0;22.1820,41.3843;1442;;Besvica
238;21.7819,41.1394;7508;;Bešište
13847;22.8572,41.7018;2330;;Berovo
357;21.4950,41.2977;7509;;Berovci
245;20.9974,41.6414;6253;;Berikovo
1264;21.3596,41.1597;7245;;Beranci
122;21.0989,41.6917;6535;;Benče
127;21.2529,41.4367;7507;;Belušino
73;21.7029,41.3371;7506;;Belovodica
0;21.1033,42.1364;1225;;Belovište
0;20.9324,41.7743;1230;;Belovište
0;22.5449,41.4341;2414;;Belotino
329;21.3971,41.4111;7504;;Belo Pole
0;21.9403,42.1142;1314;;Beljakovce
0;20.6903,41.6939;1256;;Beličica
0;20.9484,41.4024;6245;;Belica
0;22.3808,41.9281;2300;;Beli
40;21.6975,41.7631;1406;;Beleštevica
2804;20.8299,41.3035;6344;;Belčišta
199;21.2018,41.2443;7240;;Belče
0;21.5661,42.2370;1324;;Belanovce
807;21.3452,41.2803;7525;;Bela Crkva
25;21.9411,41.6800;1420;;Bekirlija
0;21.9972,41.3677;1434;;Begnište
154;21.0484,41.2821;7244;;Bazernik
3239;21.4798,41.9191;1020;;Batinci
0;22.1779,41.8222;2207;;Batanje
0;22.2417,42.2269;1332;;Baštevo
674;21.7597,41.7484;1406;;Bašino Selo
0;22.6915,41.3082;2461;;Bašibos
37;21.3448,41.9450;1063;;Barovo
0;22.1406,41.3439;1443;;Barovo
0;21.3555,40.9526;7223;;Barešani
0;21.3761,42.0269;1000;;Bardovci
0;22.8958,41.4640;2433;;Barbarevo
0;22.1882,42.2466;1332;;Baratlija
90;21.2283,41.2504;7240;;Barakovo
2414;22.7436,41.3839;2432;;Bansko
0;20.5294,41.5594;1250;;Banjishte
213;21.6658,41.7000;1413;;Banjica
0;21.3881,42.1081;1011;;Banajni
0;22.3336,41.9114;2301;;Banja
0;22.6094,41.4460;2400;;Banica
0;22.2364,41.6519;2000;;Baltalija
0;20.9350,41.7922;1230;;Balin Dol
0;22.5150,41.2883;2460;;Balinci
0;20.5529,41.4838;1258;;Balanci
0;21.9622,42.2303;1302;;Bajlovce
0;22.9273,41.4181;2435;;Bajkovo
56;21.6881,41.8644;1044;;Badar
0;20.9069,41.6053;6253;;Bačišta
692;21.5576,40.9317;7225;;Bač
16;21.8028,41.6808;1400;;Babuna
194;21.0787,41.2989;7244;;Babino
55;21.0386,41.4545;6258;;Atišta
218;21.0513,40.9845;7316;;Asamati
507;21.1152,40.9444;7317;;Arvati
699;21.2868,41.9862;1063;;Arnakija
34;21.5259,41.0972;7212;;Armatuš
48;21.1983,41.3964;7550;;Arilevo
0;22.2795,41.8190;2207;;Argulica
0;20.8298,41.3705;6346;;Arbinovo
0;22.0847,41.8890;2225;;Arbasanci
0;21.9950,42.2717;1302;;Arbanaško
553;21.0235,41.5955;6254;;Arangel
12800;21.5628,42.0268;1045;;Arachinovo
0;22.6148,41.4777;2411;;Angelci
579;21.9938,41.8117;2227;;Amzabegovo
449;21.4817,41.2591;7512;;Alinci
196;21.5053,41.1511;7215;;Alinci
0;21.9827,42.2018;1361;;Aljince
0;21.8175,42.2610;1303;;Algunja
459;21.2970,41.3673;7550;;Aldanci
0;21.5905,42.1855;1307;;Alaševce
22;21.8814,41.9445;1309;;Alakince
0;21.6103,42.0064;1041;;Ajvatovci
0;21.6809,42.0480;1322;;Agino Selo
0;20.6138,41.5881;1257;;Adžievci
0;21.9853,41.7603;2227;;Adžibegovo
124;21.9403,41.8001;2208;;Adžimatovo
0;22.0703,41.9936;2210;;Gorno Barbarevo
0;22.1339,41.7734;2000;;Tri Češmi
2370;20.9927,42.0291;1212;;Poroj
140;21.0751,41.7133;6535;;Gorno Botuše
164;21.0971,41.7241;6535;;Dolno Botuše
102;20.9977,41.5764;6254;;Oslomej
0;22.3623,41.9055;2307;;Trkanje
0;22.3814,41.8881;2307;;Gorni Podlog
176;21.2093,41.5280;6530;;Trebino
130;21.1822,41.5861;6533;;Slatina
611;22.2036,41.7817;2000;;Star Karaorman
7;21.5331,41.5278;1415;;Oraov Dol
0;22.6222,41.8950;2316;;Kruševo
0;22.7800,41.9444;2320;;Čiflik
0;21.6966,41.8999;1044;;Katlanovska Banja
184;21.8000,41.7933;1406;;Sojaklari
510;21.0065,41.9810;1216;;Fališe
1831;21.0360,41.9672;1226;;Strimnica
1306;21.0888,41.9553;1226;;Dobarce
271;21.0624,41.9284;1227;;Gorna Lešnica
90;21.1547,41.8901;1218;;Lukovica
0;22.2319,41.6069;1441;;Suvo Grlo
0;20.9822,41.1581;7320;;Dolno Krušje
0;20.9894,41.0142;7315;;Dolno Perovo
0;20.6007,41.3293;6337;;Bezovo
371;21.2966,41.3369;7524;;Vrboec
180;21.1014,41.1967;7202;;Boište
0;22.7431,41.4897;2430;;Hamzali
1324;22.7529,41.4156;2432;;Monospitovo
0;22.2386,41.4345;1442;;Korešnica
0;20.6241,41.5311;1257;;Mogorče
51;21.8322,41.3933;1423;;Kesendre
590;21.3336,41.9412;1063;;Sveta Petka
0;20.6654,41.7144;1256;;Volkovija
921;21.0416,41.9819;1226;;Saračino
0;21.3214,42.1325;1060;;Dolno Blace
1005;21.6031,41.8733;1053;;Zelenikovo
0;21.8533,42.2944;1302;;Beli Vlajkovci
0;20.8969,41.9594;1221;;Jelovjane
0;20.8604,41.8782;1236;;Kalište
0;20.8622,41.8944;1236;;Ǵurǵevište
0;21.8075,42.1381;1312;;Slatina
0;21.8434,42.1519;1312;;Buzinci
0;21.9119,42.1619;1314;;Lukarci
0;21.9235,42.1492;1314;;Nikolajci
0;21.9422,42.2606;1302;;Kokino
0;22.1648,42.3028;1332;;Parapuci
0;22.1667,42.2911;1332;;Osanci
0;21.4944,42.0375;1045;;Smiljkovci
20800;21.4250,42.0400;1000;;Šuto Orizare
36154;21.4467,42.0308;1000;;Butel
64773;21.4411,42.0153;1000;;Čair
0;21.4583,42.0144;1000;;Zelezara
0;21.5220,42.0534;1045;;Viniče
0;20.8399,41.8512;1238;;Dolni Prošovec
0;21.5334,42.1608;1307;;Dravska Maala
0;21.5472,42.1725;1307;;R’nkovce
0;21.6003,42.2073;1325;;Pilska Maala
0;21.5444,42.1838;1307;;Glažnja
0;21.5623,42.2342;1325;;Salaska Maala
0;21.4998,42.2319;1307;;Lukare
0;21.5143,42.2333;1307;;Rekanska Maala
0;21.5189,42.2127;1307;;Maljok Maalo
0;21.5112,42.1816;1307;;Kaorivetm Maala
0;21.5046,42.2007;1307;;Mulijska Maala
0;21.4986,42.1897;1307;;Tendžer Maalo
0;21.4919,42.2032;1307;;Azirlar
0;20.8014,41.7600;1231;;Toljane
0;20.7837,41.7547;1231;;Brezovec
0;21.4786,42.1925;1307;;Odžalar
0;21.4663,42.1883;1011;;Bušalar
0;21.4841,42.1902;1307;;Maslan
0;20.8619,41.7786;1231;;Mirdita
0;21.4858,42.1720;1307;;Tendžare
16406;21.5808,41.9930;1041;;Ilinden
0;21.3874,42.2299;1011;;Memišalar
0;21.3975,42.2303;1011;;Odalar
0;21.3630,42.2185;1011;;Ključka Maala
0;21.4751,42.2229;1307;;Malina Maala
0;21.4627,42.2237;1307;;Mulija
0;21.3388,42.1472;1011;;Fera Maala
0;21.3072,42.1410;1060;;Bardovska Maala
0;21.3182,42.1318;1060;;Točovska Maala
0;21.3325,42.1311;1011;;Ljučovska Maala
0;21.3561,42.0669;1060;;Orman
494;21.3981,42.0861;1011;;Gluvo
0;21.4344,42.0633;1011;;Bošnjani
267;21.2247,42.0853;1062;;Rudnik Raduša
0;21.2098,42.0886;1062;;Gorna Raduša
0;21.0566,42.0043;1226;;Palatica
0;20.8814,41.7200;1231;;Simnica
0;20.9610,41.6865;1239;;Han
0;20.9380,41.5724;6257;;Vaskovci
0;20.9483,41.6148;6253;;Čelopeci
0;20.9856,41.5314;6262;;Mamudovci
0;20.9904,41.5325;6262;;Lazarovci
576;20.9353,41.5592;6257;;Gorni Dlapkin Dol
0;20.9553,41.5683;6257;;Dolni Dlapkin Dol
0;21.1603,42.1014;1203;;Dolno Orašje
0;20.7677,41.7498;1256;;Čajane
0;20.7785,41.7483;1231;;Erčevis
0;20.7820,41.7469;1231;;Balaban
0;20.7236,41.6928;1256;;Kičinica
0;20.6873,41.7108;1256;;Trnica
0;20.4789,41.5389;1250;;Taraneš
0;20.4883,41.5425;1250;;Šulan
0;20.6152,41.5524;1257;;Boškov Most
0;22.7525,42.0050;2320;;Vutren
0;22.3676,42.2098;1335;;Varovište
0;22.4330,42.0098;2302;;Skorovo
0;22.4128,42.0185;2302;;Babište
0;22.4006,42.0262;2302;;Suvo Brdo
0;22.4350,42.0311;2302;;Kočanik
0;22.4033,42.0350;2302;;Lisje Brdo
0;22.2444,42.0478;1360;;Lukovo
0;22.4973,42.0374;2304;;Glavovica
0;22.4746,42.0489;2304;;Svinji Dol
0;22.2317,42.0906;1360;;Valjanovec
0;22.2705,42.0976;1333;;Staro Muškovo
0;22.3289,42.1199;1333;;Kajganci
0;22.2691,42.1529;1333;;Košarica
0;22.2756,42.1631;1333;;Graljanci
0;22.3112,42.1760;1330;;Pijanička Maala
0;22.4833,42.1677;1335;;Toranica
0;22.3605,42.1792;1330;;Metovska Maala
0;22.3500,42.1749;1330;;Račiška Maala
0;22.2436,42.1769;1333;;Čankina Maala
0;22.2220,42.1850;1332;;Drvendžiska Maala
0;22.2642,42.1839;1333;;T`lminci
0;22.2847,42.1880;1330;;Stambolica
0;22.3135,42.1879;1330;;Mečkovska Maala
0;22.4024,42.1784;1335;;B’s
0;22.2995,42.1955;1330;;Prisojarci
0;22.2824,42.2028;1330;;Maznička Maala
0;22.2786,42.2172;1330;;Grujinska Maala
0;22.2161,42.1942;1332;;Radueva Maala
0;22.1973,42.1945;1332;;Majmarkova Maala
0;22.2303,42.2092;1332;;Brdaci
0;22.2147,42.2150;1332;;Klisurska Maala
0;22.2748,42.2284;1330;;Krstovska Maala
0;22.3034,42.2209;1330;;Puškarska Maala
0;22.2706,42.2435;1334;;Malopolci
0;22.2061,42.2364;1332;;Dojakova Maala
0;22.2067,42.2242;1332;;Kosarci
0;22.1878,42.2303;1332;;Milochovci
0;22.3015,42.2329;1330;;Milevci
0;22.2910,42.2403;1334;;Petkovska Maala
0;22.3775,42.2206;1335;;Širinci
0;22.3720,42.2261;1335;;Pašinci
0;22.3421,42.2272;1330;;Drenje
0;22.3417,42.2362;1330;;Cvetanovska Maala
0;22.2590,42.2327;1332;;Mitkovska Maala
0;22.4192,42.2091;1335;;Straovica
0;22.4465,42.2132;1335;;Jančevci
0;22.3857,42.2375;1335;;Cibaci
0;22.3826,42.2490;1335;;Ridarci
0;22.3951,42.2468;1335;;Kularska Maala
0;22.4048,42.2422;1335;;Žežovska Maala
0;22.2497,42.2672;1334;;Vučkovci
0;22.2688,42.2581;1334;;Kaleinci
0;22.2719,42.2656;1334;;Bajčovci
0;22.3010,42.2587;1334;;Mladenovska Maala
0;22.3229,42.2650;1334;;Raški Rid
0;22.3569,42.2650;1334;;Golemi Vrv
0;22.3863,42.2831;1334;;Pešovska Maala
0;22.3569,42.2714;1334;;Malečkanci
0;22.3453,42.2834;1334;;Malečka Maala
0;22.3541,42.2932;1334;;Mala Crcorija
0;22.3314,42.2733;1334;;Srbinovska Maala
0;22.3121,42.2771;1334;;Dobrovnica
0;22.3116,42.2737;1334;;Beljakovci
0;22.2646,42.2890;1334;;Stevanovci
0;22.3003,42.2933;1334;;Rečanje
0;22.2922,42.2858;1334;;Garavanica
0;22.3303,42.2989;1334;;Rupje
0;22.3563,42.3042;1334;;Belavinci
0;22.3266,42.3115;1334;;Golema Crcorija
0;22.3141,42.3167;1334;;Slatina
0;22.3117,42.3206;1334;;Slatinje
0;22.3014,42.3256;1334;;Maslarci
0;22.2966,42.3088;1334;;Vrginska Maala
0;22.2160,42.3041;1334;;Stojkovci
0;22.2267,42.3127;1334;;Pavlovci
0;22.2322,42.3258;1334;;Spasinci
0;22.2382,42.3330;1334;;Goveǵak
0;22.2041,42.3364;1334;;Andrejinci
0;22.2719,42.3481;1334;;Golemi Gar
0;22.2756,42.3431;1334;;Marinkovci
0;22.2878,42.3425;1334;;Boškovci
0;22.5010,41.9756;2312;;Borovci
0;22.5345,41.9740;2312;;Čiflik
0;22.6119,41.9807;2304;;Krmalnik
0;22.6194,41.9522;2316;;Manilci
0;22.6554,41.8983;2316;;Maksimci
0;22.6468,41.9340;2316;;Trstija
0;22.6531,41.9877;2304;;Vitanci
0;22.7258,41.9408;2320;;Valozarci
0;22.7902,41.8614;2325;;Džadovci
0;22.7934,41.5655;2416;;Suvi Lak
0;22.2222,41.9644;2212;;Drač
0;22.2167,41.7917;2207;;Nov Karaorman
0;22.3043,41.7509;2000;;Golem Gaber
0;22.3639,41.9647;2300;;Poljana
0;22.5084,41.4862;2434;;Novo Selo
0;22.0384,41.3340;1434;;Garnikovo
0;22.0448,41.3876;1434;;Moklište
0;22.5914,41.3172;2460;;Rudnik
0;21.4575,41.4716;7504;;Dolna Mala
232;21.3267,41.3928;7507;;Podvis
0;22.4977,41.3434;2464;;Kalkovo
0;22.4683,41.3478;2464;;Gorna Mala
0;21.9493,41.1643;7508;;Čulovci
0;22.4383,41.1555;1483;;Novo Konsko
0;21.1906,41.0939;7313;;Gorna Maala
0;22.7281,41.1755;1487;;Sretenovo
0;21.2604,41.1422;7242;;Zulica
49;21.6056,41.4159;7500;;Prisad
0;21.3297,42.1253;1060;;Mučovska Maala
0;21.3856,42.0150;1000;;Zlokukjani
0;21.4497,42.0485;1000;;Rasadnik
0;21.5149,42.1979;1307;;Alimedska Maala
0;21.5156,42.2167;1307;;Durska Maala
0;21.5661,42.2396;1324;;Drviška Maala
0;21.5675,42.2283;1325;;Jašarska Maala
0;21.4787,42.2226;1307;;Muriz
0;21.8560,42.3045;1302;;Kolčaci
0;21.8614,42.3039;1302;;Crni Vlajkovci
0;21.8638,42.3016;1302;;Blačanci
0;21.8858,42.2894;1302;;Petkovci
0;21.8824,42.2844;1302;;Trnovska Maala
0;21.8816,42.2869;1302;;Kmetovska Maala
0;21.8474,42.2869;1302;;Pelince
0;21.8577,42.2809;1302;;Kalaverci
0;21.8475,42.2733;1302;;Pindžurci
0;21.8422,42.2794;1302;;Mišinci
0;21.8687,42.2799;1302;;Kitanci
0;21.7885,42.2799;1303;;Tatarinovac
0;21.7820,42.2675;1308;;Sejdina Maala
0;21.3339,42.1277;1011;;Lusnjanska Maala
0;21.7839,42.2551;1303;;Petrovci
0;21.7923,42.2575;1303;;Mutalovo
0;21.8008,42.2697;1303;;Algunja
0;21.8194,42.2581;1303;;Nikolinci
0;21.8175,42.2675;1302;;Bučkovci
0;21.8448,42.2730;1302;;Trle
0;21.8522,42.2570;1302;;Dešini
0;21.8505,42.2541;1302;;Adžinci
0;21.8569,42.2495;1302;;Koince
0;21.8576,42.2691;1302;;Balčinci
0;21.8606,42.2713;1302;;Kimčinci
0;21.8586,42.2728;1302;;Krgujci
0;21.8816,42.2634;1302;;Bivolarci
0;21.8869,42.2707;1302;;Martinovci
0;21.8905,42.2601;1302;;Rogožarci
0;21.8851,42.2552;1302;;Rubejci
0;21.3381,42.1418;1011;;Tuševa Maala
0;21.9471,42.2532;1302;;Rasavska Maala
0;21.9003,42.2560;1302;;Dolna Maala
0;21.9283,42.2546;1302;;Bukolovska Maala
0;21.9192,42.2639;1302;;Brdarska Maala
0;21.9131,42.2667;1302;;Gorna Maala
0;21.9067,42.2706;1302;;Purinci
0;21.9425,42.2653;1302;;Laništarci
0;21.9464,42.2596;1302;;Majstorovci
0;21.9743,42.2576;1302;;Vrbici
0;21.9613,42.2679;1302;;Stublica
0;21.9655,42.2625;1302;;Poljana
0;21.9803,42.2708;1302;;Mutavčici
0;21.9886,42.2608;1302;;Skender
0;21.9396,42.2850;1302;;Derelska Maala
0;21.9303,42.2893;1302;;Glečenska Maala
0;21.9233,42.2828;1302;;Dodenska Maala
0;21.9030,42.2886;1302;;Kozjak
0;21.9253,42.2777;1302;;Postolovi
0;21.9414,42.3374;1302;;Dedavačka Maala
0;22.1781,42.3133;1332;;Ristakovci
0;22.1964,42.3201;1334;;Delska Maala
0;21.9771,42.3195;1302;;Ivankovac
0;21.9511,42.3275;1302;;Goli Rid
0;21.9467,42.3350;1302;;Guvnište
0;21.9546,42.3157;1302;;Bujek
0;21.9558,42.2979;1302;;Svilarce
0;21.9636,42.2947;1302;;Martinovce
0;22.0154,42.3010;1302;;Cvetišnica
0;22.0328,42.2789;1302;;Krstinci
0;22.0579,42.2546;1316;;P’klište
0;22.0422,42.2967;1302;;Buzalak
0;22.0508,42.2939;1316;;Ivačkovica
0;22.0831,42.2594;1316;;Orašec
0;22.0989,42.2512;1316;;Sredna Maala
0;22.1386,42.2822;1332;;German
0;22.1189,42.2831;1332;;Klisura
0;22.1456,42.2759;1332;;Šipak Maala
0;22.1264,42.2929;1332;;Krivi Vrt
0;22.1839,42.2889;1332;;Gorna Maala
0;22.1548,42.2909;1332;;Crkvinska Maala
0;22.1729,42.2805;1332;;Vuḱavice
0;22.1894,42.2792;1332;;Prisojarci
0;22.1903,42.3025;1332;;Pižinska Maala
0;22.1448,42.3148;1332;;Balabanska Maala
0;21.9708,42.2959;1302;;Ramno
0;22.2636,42.3656;1334;;Ratkovica
0;22.3342,42.3145;1334;;Baratliska Maala
0;22.3316,42.3097;1334;;Goluvska Maala
0;22.3165,42.3081;1334;;Padinje
0;22.2839,42.3169;1334;;Popadeska Maala
0;22.2936,42.3308;1334;;Kolipska Maala
0;22.2789,42.3179;1334;;Karamančani
0;22.2745,42.3258;1334;;Sredna Maala
0;22.2642,42.3207;1334;;Dolinarci
0;22.2567,42.3164;1334;;Mišinci
0;22.2690,42.3333;1334;;Jankovci
0;22.2144,42.3267;1334;;Kačarci
0;22.2148,42.3142;1334;;Petakovci
0;22.2114,42.3108;1334;;Poljanska Maala
0;22.2239,42.2942;1334;;Nikolenci
0;22.2190,42.2843;1334;;Jovanovska Maala
0;22.2344,42.2746;1334;;Barska Maala
0;22.2694,42.2814;1334;;Ališavci
0;22.2656,42.2942;1334;;Šindarci
0;22.2760,42.2959;1334;;Prisojarci
0;22.2742,42.3044;1334;;Sredna Maala
0;22.2889,42.2736;1334;;Baratlici
0;22.2875,42.2658;1334;;Čengici
0;22.2858,42.2689;1334;;Džadurci
0;22.3014,42.2666;1334;;Glinčarci
0;22.3089,42.2692;1334;;Lisička Maala
0;22.3115,42.2866;1334;;Rečka Maala
0;22.3144,42.2914;1334;;Dojčinovci
0;22.3178,42.2878;1334;;Baratliska Maala
0;22.3368,42.2939;1334;;Čiflik
0;22.3594,42.2985;1334;;Prikljanci
0;22.3597,42.2850;1334;;Dolna Maala
0;22.3803,42.2764;1334;;Žirnička Maala
0;22.3729,42.2672;1334;;Rulevci Maala
0;22.3809,42.2948;1334;;Lingorovci
0;22.4069,42.2522;1335;;Glavinci Maala
0;22.3975,42.2678;1335;;Radulinci Maala
0;22.3789,42.2591;1335;;Durčica Maala
0;22.3347,42.2600;1334;;Porečanska Maala
0;22.3448,42.2542;1334;;Paricanska Maala
0;22.3314,42.2553;1334;;Tošinska Maala
0;22.3247,42.2594;1334;;Bogačinovci
0;22.3130,42.2782;1334;;Čukarci
0;22.2625,42.2539;1334;;Gabar
0;22.2594,42.2514;1334;;Malčovska Maala
0;22.2467,41.4781;1442;;Lipa
0;22.5286,41.4997;2434;;Varvarica
0;22.4086,41.9631;2300;;Gorance
0;22.9157,41.5905;2330;;Dvorište
0;22.5575,41.6564;2423;;Hudaverlija
0;22.5119,41.7856;2314;;Lisac
250;22.8561,41.8725;2325;;Star Istevnik
0;22.6671,41.9733;2304;;Bojčoska Maala
0;22.6269,41.9622;2304;;Kalimanci
0;22.5864,41.9192;2316;;Kapetansko Maalo
0;22.5216,41.9696;2312;;Stoevci
0;22.7217,41.9994;2320;;Topčiska Maala
0;20.9436,42.0121;1200;;Gajre
0;21.1708,41.0992;7314;;Turska Malaa
0;21.3001,41.4146;7507;;Dolno Žitoše
56;21.1303,41.4956;6539;;Oreovec
0;21.1281,41.4976;6539;;Gorni Oreovec
0;21.1317,41.4915;6539;;Dolni Oreovec
0;21.7019,41.0028;7214;;Petalino
0;21.7944,41.0467;7214;;Zovik
0;21.9522,41.2289;1437;;R'žanovo
0;21.7808,41.4719;1421;;Dolno Trlo
0;21.0075,41.5031;6262;;Golemi Bigor Dolenci
0;21.0053,41.5453;6262;;Velmevci
0;21.0750,41.5322;6262;;Gorno Sveto Rače
0;21.0703,41.5275;6262;;Dolno Sveto Rače
0;21.0898,41.5321;6262;;Sredna Maala
42;21.1122,41.5422;6539;;Patec
416;21.0103,41.5869;6254;;Žubrino
0;21.1858,41.5810;6533;;Markovci
0;21.1791,41.5883;6533;;Veljanovci
0;21.2119,41.6153;6533;;Novo Selo
0;21.2017,41.6253;6533;;Manastirec
0;21.1886,41.6247;6533;;Malo
0;21.1792,41.6210;6533;;Vasilkovci
0;21.2742,41.5083;7537;;Barbaros
0;21.2939,41.6219;6533;;Starovci
0;21.2783,41.6814;6533;;Dolna Belica
0;21.2514,41.7250;6533;;Gorno Maalo Taževo
0;21.2497,41.7181;6535;;Dolno Maalo Taževo
0;21.2314,41.6343;6533;;Lag
0;21.1614,41.6679;6535;;Dolno Zrkle
0;21.1541,41.6772;6535;;Dolno Lupšte
203;21.1237,41.7037;6535;;Zvečan
0;21.0867,41.7161;6535;;Botuše
157;21.0218,41.6576;1239;;Ḱafa
0;21.0117,41.6947;1239;;Stalevci
0;20.9989,41.7028;1239;;Pešterci
0;21.0089,41.7215;1239;;Afmate
0;21.0046,41.7224;1239;;Balija Mahala
0;20.9974,41.7228;1239;;Koloverska Mahala
0;21.0044,41.7419;1239;;Vrtok
0;21.1803,41.7517;6535;;Sapatoec
0;21.3689,41.8669;1020;;Gorogled
0;21.3775,41.8558;1020;;Bela Crkva
0;21.4083,41.8436;1020;;Lenište
0;21.4758,41.8142;1053;;Drmos
0;21.4542,41.8157;1053;;Kruša
0;21.4642,41.8003;1053;;Mala Reka
0;21.4370,41.9115;1020;;Varvara
0;21.4861,41.9539;1020;;Pintija
580;21.4137,41.9409;1000;;Rakotinci
0;21.3350,41.9717;1063;;Gorni Grčec
0;21.3037,41.9662;1063;;Dolna Matka
0;21.1446,41.9272;1218;;Jablanica
0;21.0078,41.9391;1227;;Dolni Čelopek
0;21.0189,41.9243;1227;;Gorni Čelopek
0;21.5161,41.9397;1020;;Naselba Dračevo
0;21.5217,41.9331;1020;;Selo Dračevo
58216;21.5028,41.9489;1020;;Kisela Voda
0;21.6794,41.9258;1044;;Čiflik
0;21.5970,41.8094;1053;;Dolni Dejkovec
0;21.6072,41.7987;1053;;Dolno Dobrino
0;21.5939,41.7874;1053;;Sredno Dobrino
0;21.5909,41.7754;1053;;Gorno Dobrino
0;21.5454,41.8149;1053;;Cenovska Maala
0;21.5445,41.8215;1053;;Mala Džine
104;21.6955,41.7061;1408;;Klukovec
0;21.6922,41.6475;1413;;Naselba Čaška
620;21.7547,41.6983;6260;;Prevalec
17;21.6175,41.5778;1414;;Plevenje
0;21.1117,40.9328;7317;;Gorno Štrbovo
0;20.5626,41.4858;1258;;Odžovci
0;20.5707,41.4805;1258;;Bajramovci
0;20.5579,41.4674;1258;;Vapa
0;20.5488,41.4583;1258;;Pralenik
0;20.5859,41.4553;1258;;Breštani
0;20.5665,41.4842;1258;;Crnoboci
0;20.7402,41.3526;6344;;Radomirovo
0;20.4592,41.5161;1250;;Kostenar
0;21.3942,41.9926;1000;;Trnodol
0;20.8023,41.0480;6000;;Lagadin
0;20.8159,41.0270;7319;;Elšani
0;21.3753,42.0093;1000;;Vlae
45412;20.5594,41.4785;1258;;Centar Župa
0;21.7874,42.1490;1312;;Zebarnjak
0;20.8129,41.0762;6000;;Šipokno
0;20.8131,41.0934;6000;;Rača
0;20.8586,41.2219;6342;;Raskrs
0;20.9347,41.0020;7319;;Sir Han
0;20.9611,41.0339;7315;;Preljubje
0;20.9898,41.0243;7315;;Gorno Perovo
0;21.3291,41.9946;1060;;Čičino Selo
0;20.6274,41.1532;6333;;Fjorište
0;20.6344,41.1867;6333;;Šum
0;20.6495,41.1739;6330;;Teferiḱ
0;20.7129,41.1708;6330;;Senokose
0;22.9048,41.4026;2435;;Samoilovo
0;22.5008,42.0083;2304;;Krlevska Maala
0;22.5132,42.0080;2304;;Trgovska Maala
0;22.5105,42.0171;2304;;Crvenikovska Maala
0;22.5232,42.0028;2304;;Sredno Maalo
0;22.4968,42.0278;2304;;Čukarska Maala
0;22.5054,42.0435;2304;;Milevska Maala
0;22.5047,42.0622;2304;;Cvetanska Maala
0;22.5058,42.0735;2304;;Sredočka Maala
0;22.5128,42.0588;2304;;Ǵerginska Maala
0;22.5074,42.0553;2304;;Šopska Maala
0;22.5237,42.0288;2304;;Stamboliska Maala
0;22.5224,42.0393;2304;;Bajramska Maala
0;22.5267,42.0428;2304;;Sredna Maala
0;22.5248,42.0518;2304;;Mutavdžiska Maala
0;22.5263,42.0571;2304;;Dokolenkovci
0;22.5248,42.0743;2304;;Ramni Dol
0;22.5247,42.0877;2304;;Portarci
0;22.5276,42.0936;2304;;Adžiska Maala
0;22.5222,42.0987;2304;;Trkanica
0;22.5279,42.1121;2304;;Vozarci
0;22.5242,42.1172;2304;;Borčeto
0;22.5383,42.1100;2304;;Sarafatska Maala
0;22.5380,42.1041;2304;;Gujnovci
0;22.5379,42.0844;2304;;Derovci
0;22.5388,42.0712;2304;;Mačkarska Maala
0;22.5328,42.0627;2304;;Litovci
0;22.5401,42.0551;2304;;Gradiška Maala
0;22.5404,42.0423;2304;;Grebenska Maala
0;22.5386,42.0250;2304;;Stankova Maala
0;22.5297,42.0195;2304;;Anǵelkovska Maala
0;22.5388,42.0019;2304;;Šopska Maala
0;22.5472,42.0104;2304;;Kolevska Maala
0;22.5434,42.0197;2304;;Karaleoska Maala
0;22.5498,42.0296;2304;;Ajdarska Maala
0;22.5422,42.0370;2304;;Vučkovska Maala
0;22.5488,42.0389;2304;;Kurbašovska Maala
0;22.5531,42.0727;2304;;Protoǵerci
0;22.5535,42.0817;2304;;Šebovska Maala
0;22.5553,42.0846;2304;;Dodevci
0;22.5520,42.0890;2304;;Trebeška Maala
0;22.5481,42.0934;2304;;Kapetanska Maala
0;22.5523,42.0944;2304;;Bukoravenci
0;22.5425,42.0972;2304;;Rizanci
0;22.5437,42.1143;2304;;Saratska Maala
0;22.5584,42.0725;2304;;Čergovci
0;22.5628,42.0432;2304;;Ognjanci
0;22.5721,42.0137;2304;;Kovačka Maala
0;22.5700,42.0410;2304;;Vidiševci
0;22.5754,42.0540;2304;;Selište
0;22.5770,42.0733;2304;;Vlajkeviska Maala
0;22.5778,42.0790;2304;;Dalevska Maala
0;22.5783,42.0232;2304;;Valjavičarska Maala
0;22.5791,42.0163;2304;;Grčka Maala
0;22.5958,42.0549;2304;;Pavliš Dol
0;22.5957,42.0672;2304;;Perčačka Maala
0;22.6166,42.0655;2304;;Karadžovska Maala
0;22.6053,42.0558;2304;;Goranska Maala
0;22.6127,42.0503;2304;;Kosevica
0;22.6066,42.0477;2304;;Grnčarska Maala
0;22.6032,42.0450;2304;;Paunkovska Maala
0;22.5314,42.0418;2304;;Cera
0;22.1799,41.7333;2000;;Kežovica
0;21.4717,41.9619;1020;;Staklarnica
0;21.3963,41.9450;1000;;Sulejmanov Most
0;21.5283,41.9811;1047;;Trubarevo
0;21.5862,41.9543;1047;;Drma
0;21.6005,41.9615;1043;;Ezerište
0;20.6541,41.2523;6334;;Dobovjani
0;20.6702,41.2884;6338;;Bogojci
0;20.6748,41.2512;6334;;Jaovce
0;20.8286,41.4587;6346;;Malkoec
0;20.8501,41.3361;6344;;Slatinski Čiflik
0;20.9964,41.1610;7320;;Gorno Krušje
0;22.0857,41.5378;1441;;Crveni Bregovi
0;22.1066,42.0909;1360;;Lepoviḱ Maala
0;21.9955,42.1128;1361;;Novoselci
0;22.0060,42.1039;1361;;Sotirova Maala
0;22.1122,42.1152;1360;;Musinci
0;22.0100,42.0956;1361;;Šutinci
0;22.0216,42.0882;1361;;Ruinci
0;22.0055,42.0663;1361;;Bornatska Maala
0;22.0033,42.0621;1361;;Kitanovska Maala
0;22.0007,42.0591;1309;;Levkovci
0;22.0132,42.0501;1309;;Ǵačka Maala
0;22.0140,42.0595;1361;;Čezaci
0;22.0306,42.0615;1361;;Milkinci
0;22.0497,42.0451;1309;;Novakovci
0;22.0643,42.0482;1360;;Ambar Maala
0;22.0538,42.0376;2210;;Vukanovci
0;22.0611,42.0374;2210;;Šopavci
0;22.0637,42.0314;2210;;Stubljanci
0;22.0797,42.0349;2210;;Nikolovska Maala
0;22.0826,42.0533;1360;;Spiridonova Maala
0;22.1038,42.0530;1360;;Jaškovci Maala
0;22.1065,42.0568;1360;;Karamanska Maala
0;22.1019,42.0631;1360;;Smilkovci Maala
0;22.0415,42.0981;1361;;Kovačevci
0;22.0307,42.1075;1361;;Stevanovci
0;22.0378,42.1093;1361;;Tokmaci
0;22.0522,42.1216;1361;;Grmadari
0;22.0540,42.1151;1361;;Ǵavci
0;22.0029,42.1230;1361;;Šalevci
0;22.0221,42.1141;1361;;Dodaci
0;22.0206,42.1236;1361;;Zabel Maala
0;22.0473,42.0895;1361;;Vakuf Maala
0;22.0824,42.0855;1360;;Kilibarska Maala
0;22.0715,42.1239;1361;;Dingovci
0;22.0817,42.1195;1361;;Arnautovci
0;22.1115,42.1091;1360;;Glaševci
0;22.1119,42.1016;1360;;Minci
0;22.1226,42.0915;1360;;Gorna Maala
0;22.2310,42.1048;1360;;Rekari Maala
0;22.1272,42.1154;1360;;Mišina Maala
0;22.1343,42.1219;1360;;Kukovište Maala
0;22.1953,42.1082;1360;;Mlakari Maala
0;22.2866,42.1951;1330;;Kukaljska Maala
0;22.3157,42.2247;1330;;Divjanci
0;22.2630,42.1701;1333;;Trnska Maala
0;22.2696,42.1740;1333;;Dijamadžaci
0;22.2823,42.1697;1333;;Prtljanci
0;22.2949,42.1771;1333;;Rečka Maala
0;22.2931,42.1829;1330;;Čiflik
0;22.3209,42.1643;1330;;Stanoevci
0;22.3208,42.1693;1330;;Jušmerci
0;22.3519,42.1939;1330;;Kojdunska Maala
0;22.2527,42.1413;1333;;Ostrec
0;22.2787,42.1517;1333;;Borovo
0;22.2774,42.1409;1333;;Novo Selo
0;22.3392,42.2320;1330;;Bulutska Maala
0;22.3255,42.1824;1330;;Buinska Maala
0;22.2509,42.2494;1334;;Čukovci
0;22.2675,42.2484;1334;;Cuparice
0;22.2561,42.2382;1332;;Paškulina Maala
0;22.2606,42.2180;1330;;Dolna Maala
0;22.3204,42.2119;1330;;Lozanovo
0;22.3679,42.2475;1335;;Džijanovci
0;22.3539,42.2345;1335;;Čalinska Maala
0;22.3405,42.2392;1330;;Gladinska Maala
0;22.3523,42.2473;1334;;Selište
0;22.3402,42.2465;1334;;Ridarska Maala
0;22.3124,42.2437;1334;;Džangovci
0;22.3385,42.0940;1333;;Šumanska Maala
0;22.3347,42.0886;1333;;Vrdovačka Maala
0;22.3260,42.0850;1333;;Maala Bukovica
0;22.0391,42.0519;1361;;Šopsko Rudare
0;22.1345,41.9091;2210;;Pestršino
0;22.4910,41.9638;2312;;Golemčeška Maala
0;22.4778,41.9635;2312;;Sokolovci
0;22.4693,41.9671;2312;;Klinčarite
0;22.4891,41.9713;2312;;Šutovo
0;22.4644,41.9917;2312;;Ljubince
0;22.4697,41.9856;2312;;Jovevci
0;22.4891,41.9990;2312;;Karlovce
0;22.4239,41.9686;2302;;Gorno Gradče
0;22.4313,41.9802;2302;;Kruška
0;22.3697,41.7600;2305;;Ebeplija
0;22.3372,41.7797;2207;;Kepekčelija
0;22.2740,41.6706;2000;;Čiflik
0;22.5006,41.9930;2312;;Andžiska Maala
0;22.5030,41.9862;2312;;Babarinci
0;22.5061,41.9806;2312;;Grioska Maala
0;22.5102,41.9903;2312;;Radinovec
0;22.5266,41.9841;2312;;Crveni Bregovi
0;22.5310,41.9991;2304;;Sredno Brdo
0;22.5567,41.9744;2304;;Paškovci
0;22.5665,41.9781;2304;;Nevenska Maala
0;22.5726,41.9772;2304;;Bačeska Maala
0;22.5617,41.9886;2304;;Ḱoseska Maala
0;22.5774,41.9985;2304;;Katanska Maala
0;22.5848,41.9922;2304;;Gazijanska Maala
0;22.5467,41.9460;2312;;Pašaliska Maala
0;22.5521,41.9609;2312;;Taskovci
0;22.5587,41.9546;2312;;Klinčarite
0;22.5839,41.9634;2304;;Srušena Maala
0;22.5865,41.9438;2316;;Srušena Maala
0;22.5815,41.9400;2316;;Ignjatovska Maala
0;22.5874,41.9796;2304;;Čortanci
0;22.5958,41.9338;2316;;Zvezdinska Maala
0;22.5912,41.9282;2316;;Balinska Maala
0;22.6067,41.9294;2316;;Marinska Maala
0;22.6090,41.9248;2316;;Cvetanska Maala
0;22.5655,41.9284;2316;;Gabrošica
0;22.5635,41.9245;2316;;Gazarska Maala
0;22.5537,41.9119;2316;;Mečkarska Maala
0;22.5425,41.9064;2310;;Grlanska Maala
0;22.5503,41.9053;2316;;Božanska Maala
0;22.5340,41.9059;2310;;Tašovska Maala
0;22.5519,41.8989;2316;;Juručka Maala
0;22.6137,41.8936;2316;;Krivoramska Maala
0;22.5989,41.8973;2316;;Čukarliska Maala
0;22.6083,41.9120;2316;;Malčeska Maala
0;22.5942,41.8915;2316;;Boltačka Maala
0;22.5926,41.9080;2316;;Brbolkovska Maala
0;22.5970,41.9086;2316;;Domazetska Maala
0;22.5823,41.9086;2316;;Bobiska Maala
0;22.6214,41.9029;2316;;Sofinska Maala
0;22.6220,41.9055;2316;;Saiska Maala
0;22.6270,41.9218;2316;;Stajčoska Maala
0;22.6297,41.9315;2316;;Petroska Maala
0;22.6229,41.9523;2316;;Stamenkoska Maala
0;22.7304,41.9646;2320;;Šopska Maala
0;22.7336,41.9907;2320;;Očipala
0;22.7370,41.9804;2320;;Duovska Maala
0;22.7429,41.9974;2320;;Jovanovska Maala
0;22.7086,41.9523;2320;;Dimčoska Maala
0;22.6973,41.9733;2320;;Damjanoska Maala
0;22.6784,41.9588;2320;;Karadžaska Maala
0;22.6709,41.9468;2316;;Bumbarska Maala
0;22.6605,41.9615;2304;;Stefanoska Maala
0;22.7159,41.9985;2320;;Novačka Maala
0;22.7071,41.9972;2320;;Mitrevska Maala
0;22.6698,41.9907;2304;;Dimoska Maala
0;22.6759,41.9850;2304;;Belčiska Maala
0;22.6383,41.9817;2304;;Markoska Maala
0;22.6507,41.9712;2304;;Božanska Maala
0;22.7311,41.9568;2320;;Kosovo Dabje
0;22.7646,41.9997;2320;;Stamboliska Maala
0;22.7765,41.9888;2320;;Poleto
0;22.7722,41.9939;2320;;Goleševo
0;22.7826,41.9963;2320;;Sredna Maala
0;22.8531,41.9950;2320;;Manovska Maala
0;20.8887,42.0132;1219;;Popova Šapka
0;20.5741,41.3192;6337;;Šajnova Maala
0;20.5690,41.3069;6336;;Asovci
0;21.5988,42.2511;1324;;Tabak Maala
0;21.9120,42.2713;1302;;Šanci
0;21.6060,42.2172;1324;;Runica
0;21.6114,42.2223;1324;;Gorna Maala
0;21.6064,42.2199;1324;;Osmanska Maala
0;21.6128,42.2172;1324;;Truḱska Maala
0;21.6108,42.2142;1324;;Kukska Maala
0;21.7196,42.2048;1308;;Buzina Mahala
0;21.7276,42.2057;1308;;Starčani
0;21.7091,42.1915;1308;;Kosturnik
0;21.7152,42.1855;1308;;Tovilište
0;21.7585,42.2099;1308;;Ljubanovci
0;21.7700,42.2090;1303;;Skačkolinci
0;21.7710,42.2033;1312;;Tasinci
0;21.7614,42.2023;1308;;Stojčinci
0;21.7542,42.1989;1308;;Amalinci
0;21.7469,42.2066;1308;;Matičanci
0;21.8653,42.2357;1302;;Puzajka
0;21.8560,42.2415;1302;;Pržinci
0;21.8519,42.2435;1302;;Boškovci
0;21.8617,42.2045;1303;;Čelopečanci
0;21.8642,42.1993;1303;;Šanterci
0;21.8617,42.1963;1303;;Klinčarci
0;21.8667,42.1891;1303;;Jovanovci
0;21.7717,42.1537;1312;;Petraličani
0;21.7937,42.1752;1312;;Smiljčevci
0;21.7889,42.1709;1312;;Bradinovci
0;21.8034,42.1514;1312;;Perinci
0;21.7978,42.1578;1312;;Krstiḱinska Maala
0;21.7950,42.1636;1312;;Adžina Maala
0;21.7987,42.1652;1312;;Ḱurčinci
0;21.8019,42.1680;1312;;Poganci
0;21.7999,42.1801;1312;;Domuzinci
0;21.8012,42.1832;1312;;Jarebičarci
0;21.8093,42.1799;1312;;Vuevci
0;21.8173,42.1679;1312;;Ḱurčinska Maala
0;21.8103,42.1482;1312;;Vladinci
0;21.8145,42.1316;1304;;Ḱukinska Maala
0;21.8262,42.1548;1312;;Prkina Maala
0;21.8300,42.1612;1312;;Dorgovci
0;21.8303,42.1813;1303;;Pilenska Maala
0;21.8424,42.1744;1303;;Travuljaci
0;21.8331,42.1636;1312;;Manojlinci
0;21.8404,42.1552;1312;;Dvizci
0;21.8393,42.1472;1304;;Čerkezovci
0;21.8482,42.1441;1304;;Drtkovci
0;21.8492,42.1583;1312;;Trendafilci
0;21.8108,42.1914;1303;;Bogdanovci
0;21.8084,42.2015;1303;;Stoilkovci
0;21.8144,42.2040;1303;;Ilijaševci
0;21.8170,42.2012;1303;;Jankovci
0;21.8210,42.1912;1303;;Popčevci
0;21.8310,42.1870;1303;;Trenčinska Mala
0;21.8495,42.1904;1303;;Kršutinci
0;21.8412,42.1984;1303;;Šanterovci
0;21.8412,42.2154;1303;;Bela Gramada
0;21.8266,42.2334;1303;;Gorna Mala
0;21.8259,42.2280;1303;;Višinci
0;21.8399,42.2245;1303;;Dolna Mala
0;21.8414,42.2304;1303;;Pašinci
0;21.7847,42.2095;1303;;Grujinska Maala
0;21.8026,42.2230;1303;;Žabarovci
0;21.9365,42.1312;1314;;Krstovska Maala
0;21.9483,42.1308;1314;;Šantirovci
0;21.9637,42.2097;1302;;Breško
0;21.9670,42.2078;1314;;Džembasci
0;21.9780,42.2334;1302;;Buzoviḱi
0;21.8800,42.1736;1314;;Pečenjaci
0;21.8916,42.1833;1314;;Popovci
0;21.8898,42.1777;1314;;Sredna Maala
0;21.8854,42.1685;1314;;Krševci
0;21.8974,42.1696;1314;;Kiselarci
0;21.8779,42.1553;1314;;Popovci
0;21.8852,42.1516;1314;;Šuklenci
0;21.8933,42.1473;1314;;Velkovci
0;21.8869,42.1445;1314;;Zajci
0;21.8906,42.1413;1314;;Delovčani
0;21.9010,42.1364;1314;;Živuša
0;21.9071,42.1336;1314;;Višna
0;21.9004,42.2179;1302;;Dobrača
0;21.9812,42.2026;1361;;Staro Selo
0;21.9509,42.1397;1314;;Nikolovci
0;21.9642,42.1287;1314;;Palančani
0;21.9685,42.1365;1361;;Miloševci
0;21.9670,42.1297;1314;;Palančani
0;21.9801,42.1332;1361;;Gazdevci
0;21.9871,42.1331;1361;;Ivkovci
0;21.9720,42.1399;1361;;Neševci
0;21.9838,42.1522;1361;;Gorna Maala
0;21.9804,42.1401;1361;;Anǵelovci
0;21.9557,42.1696;1314;;Kametnica
0;21.9618,42.1600;1314;;Suvodolska Maala
0;21.9497,42.1629;1314;;Kamenitica
0;21.9463,42.1754;1314;;Suljevac
0;21.9403,42.1495;1314;;Došljaci
0;21.9467,42.1459;1314;;Šutarska Maala
0;21.9068,42.1516;1314;;Tutušanska Maala
0;21.9060,42.1615;1314;;Pečenjaci
0;21.9117,42.1572;1314;;Čoljaci
0;21.9183,42.1489;1314;;Antini
0;21.9401,42.1794;1314;;Dodanci
0;21.9359,42.1826;1314;;Babadosinci
0;21.9379,42.1853;1314;;Belovuci
0;21.9302,42.1788;1314;;Stojanovci
0;21.9256,42.1841;1314;;Popovci
0;21.9257,42.1893;1314;;Džambasci
0;21.9202,42.1917;1314;;Ǵurinci
0;21.9102,42.1918;1314;;Nikolinci
0;21.9116,42.1827;1314;;Macanci
0;21.9019,42.1879;1314;;Delovčanci
0;21.9103,42.1802;1314;;Drenčani
0;22.9200,41.5945;2330;;Dobrilačka Maala
0;22.9264,41.5868;2330;;Čurilska Maala
0;22.4282,41.6793;2420;;Ali Koč
0;22.8425,41.6307;2315;;Avramski Kolibi
0;22.7874,41.6019;2315;;Kaluǵerica
0;22.7983,41.5844;2315;;Mamutlija
0;21.9631,42.1228;1314;;Kalinci
0;21.9901,42.0318;1309;;Umarci
0;21.9841,42.0405;1309;;Dodevci
0;21.9844,42.1221;1361;;Drakarci
0;21.9805,42.1133;1361;;Baštevci
0;21.9788,42.1049;1361;;Kurlevci
0;21.9904,42.1060;1361;;Kulak
0;21.9860,42.1083;1361;;Dimonce
0;21.9865,42.0780;1361;;Cocevci
0;21.9798,42.0725;1309;;Ǵakovci
0;21.9828,42.0684;1309;;Tasevci
0;21.9907,42.0701;1361;;Ǵorgovci
0;21.9639,42.1134;1314;;Bantevci
0;21.9624,42.0823;1309;;Dolna Maala
0;21.9525,42.0898;1304;;Crnorukovci
0;21.9451,42.0654;1309;;Rasovci
0;21.8716,42.1240;1304;;Jačinska Maala
0;21.9209,42.1006;1304;;Mutavdžii
0;21.9034,42.0957;1304;;Džankova Maala
0;21.9152,42.0973;1304;;Vukanovci
0;21.9359,42.1197;1314;;Kačarovci
0;21.9505,42.1172;1314;;Vardarci
0;21.9430,42.1001;1314;;Kajsevska Maala
0;21.8974,42.0813;1304;;Marčevci
0;21.9014,42.0303;1309;;Žabarska Maala
0;21.9380,42.0554;1309;;Ipčovci
0;21.9474,42.0455;1309;;Smokarci
0;21.9563,42.0576;1309;;Markovci
0;21.9471,42.0539;1309;;Zdravkovci
0;21.9351,42.0345;1309;;Vilipovci
0;21.9520,42.0327;1309;;Vučkovci
0;22.0008,42.3077;1302;;Barbarovci
0;22.2006,42.2959;1332;;Osička Maala
0;22.1079,42.1343;1316;;Lazinci
0;22.0073,42.1363;1361;;Grandževci
0;22.0205,42.1331;1361;;Tanasovci
0;22.0039,42.1313;1361;;Tano Brce
0;22.0593,42.1381;1361;;Krpuzovci
0;22.0717,42.1326;1361;;Smokarci
0;22.0656,42.1349;1361;;Orašje
0;22.0756,42.1420;1361;;Pindžur Maala
0;22.0884,42.1428;1361;;Zlatkovci
0;22.1012,42.1294;1316;;Levkovci
0;22.0081,42.1721;1361;;Karadak
0;22.0088,42.1540;1361;;Pindžur Maala
0;22.0304,42.1777;1361;;Tasino
0;22.0301,42.1663;1361;;Bončevci
0;22.0351,42.1589;1361;;Čivlevci
0;22.0313,42.1429;1361;;Ralevci
0;22.0368,42.1374;1361;;Baraktarci
0;22.0420,42.1417;1361;;Vatlino
0;22.0490,42.1437;1361;;Sarivinci
0;22.0533,42.1487;1361;;Lepanovci
0;22.0580,42.1436;1361;;Srbinci
0;22.0644,42.1565;1361;;Bogojska Maala
0;22.0385,42.1743;1361;;Bončevo
0;21.9971,42.2304;1302;;Ǵorinci
0;22.0454,42.2393;1316;;Zlatanovci
0;22.0043,42.1894;1361;;Ratunda
0;22.0063,42.2103;1361;;Jabučka Maala
0;22.1066,42.2452;1316;;Gorejci
0;22.1182,42.2469;1332;;Ḱuparci
0;22.1160,42.1518;1316;;Ivankovci
0;22.0558,42.1775;1361;;Vržogrnci
0;22.0502,42.1767;1361;;Gruinci
0;22.0597,42.1792;1361;;Mišinci
0;22.0929,42.2347;1316;;Mitrenci
0;22.0973,42.2371;1316;;Cvetkovci
0;22.0604,42.2165;1316;;Mišinska Maala
0;22.0880,42.1608;1316;;Vučina Maala
0;22.0960,42.1568;1316;;Puckina Maala
0;22.0788,42.2237;1316;;Dimiḱi
0;22.0792,42.2189;1316;;Maljočka Maala
0;22.0829,42.2116;1316;;Dubin Grob
0;22.0721,42.2002;1316;;Stankovci
0;22.0846,42.1999;1316;;Markovci
0;22.0635,42.1937;1316;;Davidovci
0;22.0818,42.1546;1361;;Šipkovci
0;22.1102,42.2231;1316;;Ivančevci
0;22.0984,42.2156;1316;;Gorna Maala
0;22.0934,42.2052;1316;;Subašinci
0;22.1000,42.1958;1316;;Dželepska Maala
0;22.1049,42.1885;1316;;Ḱurḱinci
0;22.0940,42.1794;1316;;Kranjedolska Maala
0;22.1008,42.1775;1316;;Ḱosina Maala
0;22.1103,42.1738;1316;;Krajčina Maala
0;22.1214,42.1301;1316;;Jankovci Maala
0;22.1206,42.1263;1316;;Sredna Maala
0;22.2275,42.1309;1333;;Ǵorinska Maala
0;22.2302,42.1420;1333;;Kiselica Maala
0;22.2391,42.1529;1333;;Suvodolska Maala
0;22.2427,42.1986;1333;;Mitrovska Maala
0;22.2332,42.2143;1332;;Lubarci
0;22.2291,42.2248;1332;;Gramačani
0;22.2429,42.2274;1332;;Dorinci
0;22.1629,42.2245;1332;;Bakalci
0;22.1844,42.2232;1332;;Mulina Maala
0;22.2133,42.2165;1332;;Crneška Maala
0;22.1920,42.2218;1332;;Kolerska Maala
0;22.1776,42.2198;1332;;Cincarova Maala
0;22.1805,42.2158;1332;;Pardinci
0;22.1744,42.2141;1332;;Karapandžova Maala
0;22.1885,42.2104;1332;;Bačovanovska Maala
0;22.1757,42.1966;1332;;Speǵinci
0;22.1750,42.1893;1332;;Rajčilova Maala
0;22.1863,42.1894;1332;;Letova Maala
0;22.1717,42.2041;1332;;Karamanova Maala
0;22.1811,42.1829;1332;;Kovačeva Maala
0;22.1977,42.1858;1332;;German Maala
0;22.2045,42.1866;1332;;Dikina Maala
0;22.2260,42.1612;1333;;Bogdanova Maala
0;22.2192,42.1486;1333;;Balinica Maala
0;22.1871,42.1519;1333;;Trajanova Maala
0;22.1702,42.1607;1316;;Čurina Maala
0;22.1518,42.1285;1360;;Makovište Maala
0;22.1280,42.1412;1316;;Kotarina Maala
0;22.1419,42.1587;1316;;Kavaklija
0;22.1839,42.2392;1332;;Borovska Maala
0;22.1948,42.2440;1332;;Baba Anǵina Maala
0;22.1236,42.2347;1316;;Kandžerevska Maala
0;22.1204,42.2094;1316;;Čukarci
0;22.1197,42.2057;1316;;Vrginci
0;22.1241,42.1966;1316;;Čiflik
0;22.1385,42.1875;1316;;Ljubinci
0;22.3408,42.3037;1334;;Boškovska Maala
0;22.4292,42.2510;1335;;Vučinska Maala
0;22.4564,42.2203;1335;;Štičarci
0;22.4500,42.2249;1335;;Borboška Maala
0;22.4403,42.2250;1335;;Vitanovci
0;22.4454,42.2315;1335;;Mangalska Maala
0;22.4014,42.2299;1335;;Čakmadžiska Maala
0;22.4071,42.2163;1335;;Džikovska Maala
0;22.3870,42.2157;1335;;Ǵurendapska Maala
0;22.3953,42.0108;2300;;Kajeti
0;22.4531,42.0705;2304;;Mišino
0;22.3995,42.0447;2302;;Kasiro
0;22.4287,42.0397;2302;;Ramno Nivište
0;22.6280,42.0101;2304;;Palamarska Maala
0;22.6259,42.0264;2304;;Čorbadžiska Maala
0;22.6259,42.0640;2304;;Parovska Maala
0;22.6347,42.0617;2304;;Čobanska Maala
0;22.6469,42.0532;2304;;Štabska Maala
0;22.6320,42.0530;2304;;Lažovska Maala
0;22.6309,42.0410;2304;;Umska Maala
0;22.6480,42.0293;2304;;Papurica
0;22.6656,42.0545;2304;;Gaovska Maala
0;22.6707,42.0505;2304;;Iliovska Maala
0;22.6704,42.0323;2304;;Terdžiska Maala
0;22.6930,42.0452;2304;;Jagodinska Maala
0;22.7041,42.0260;2320;;Kajmakanska Maala
0;22.6767,42.0251;2304;;Janovska Maala
0;22.7155,42.0085;2320;;Kundeska Maala
0;22.6899,42.0045;2320;;Petkovska Maala
0;22.6569,42.0028;2304;;Filiska Maala
0;22.7147,42.0632;2304;;Bukarska Maala
0;22.7232,42.0456;2320;;Tašovska Maala
0;22.7232,42.0239;2320;;Parastjel
0;22.7342,42.0191;2320;;Nikovska Maala
0;22.7511,42.0351;2320;;Lapačka Maala
0;22.7535,42.0237;2320;;Meandžiska Maala
0;22.7691,42.0358;2320;;Petrovska Maala
0;22.7667,42.0295;2320;;Turčinska Maala
0;22.7941,42.0370;2320;;Vlaovec Maala
0;22.8666,42.0190;2320;;Zlatanovska Maala
0;22.8821,41.8457;2325;;Krsto
0;22.8856,41.8433;2325;;Suva Reka
0;22.2012,42.2003;1332;;Čurkovci
0;22.6446,42.0021;2304;;Bumbarci
0;22.8304,41.8615;2325;;Balabanska Maala
0;22.8256,41.8667;2325;;Kurjačka Maala
0;22.8308,41.8528;2325;;Pulevci
0;22.8358,41.8528;2325;;Karakostovci
0;22.8392,41.8455;2325;;Pasjak
0;22.8231,41.8496;2325;;Nov Istevnik
0;22.7621,41.8671;2325;;Trenčovci
0;22.7885,41.8644;2325;;Mančovci
0;22.7993,41.8555;2325;;Čorbadžii
0;22.7918,41.8496;2325;;Ḱurčii
0;21.3915,40.9558;7223;;Žabeni
0;22.7689,41.8566;2325;;Pešovci
0;21.2094,41.9771;1063;;Šula
0;21.3573,42.0367;1060;;Kisela Jabuka
0;21.2717,41.9843;1063;;Gorna Arnakija
0;20.9348,41.9847;1219;;Chiflik
0;20.9395,41.9767;1219;;Kalnik
0;20.8080,41.0331;6000;;Eleshec
451;21.5611,41.9625;1047;;Kolonija
0;21.8901,42.1881;1314;;Gorna Maala
0;21.9574,42.0815;1309;;Gorna Maala
0;22.0165,42.1446;1361;;Popovci
0;22.0172,42.2384;1302;;Dolna Maala
0;22.1714,42.1752;1332;;Petralica
0;22.2151,42.2345;1332;;Radueva Maala
0;22.3649,42.2942;1334;;Jankovci
