9258;12.4817,43.9690;47899;;Serravalle
4500;12.4464,43.9367;47890;;San Marino
951;12.4214,43.9045;47894;;Poggio di Chiesanuova
910;12.4820,43.9088;47898;;Monte Giardino
2510;12.4574,43.9100;47890;;Fiorentino
1000;12.5000,43.9833;47891;;Falciano
1177;12.4980,43.9283;47896;;Faetano
3161;12.4683,43.9496;47895;;Domagnano
7000;12.4905,43.9803;47891;;Dogana
6424;12.4474,43.9419;47893;;Borgo Maggiore
1530;12.4185,43.9459;47892;;Acquaviva
889;12.4769,43.9580;47899;;Fiorina
0;12.4073,43.9498;47892;;Gualdicciolo
1580;12.4515,43.9201;47890;;Murata
200;12.4405,43.9546;47893;;Ventoso
2076;12.4536,43.9519;47893;;Cailungo
150;12.5073,43.9524;47899;;Torraccia
0;12.4386,43.9339;47890;;Santa Mustiola
0;12.4768,43.9035;47898;;Cerbaiola
6983;12.4562,43.9402;47893;;Valdragone
0;12.4444,43.9170;47890;;Casole
0;12.4455,43.9428;47893;;Cà Rigo
0;12.4867,43.9500;47899;;Piandivello
0;12.4842,43.9618;47899;;Lesignano
