8026;19.1025,44.3860;75400;;Zvornik
0;18.2726,43.9907;71373;;Župča
8502;18.0378,44.4267;72230;;Žepče
164423;17.9040,44.2017;72101,72102,72112;;Zenica
5783;17.9410,44.3987;72236;;Željezno Polje
4922;16.0173,45.1459;74451,77236;;Zborište
14380;18.1497,44.4458;72220;;Zavidovići
0;17.2235,44.8406;78214;;Zalužani
171;18.9925,44.7067;76333;;Zabrđe
0;19.1886,43.5779;73287;;Zaborak
0;15.8338,44.8941;77203;;Vrsta
6860;15.9544,45.1637;77231;;Vrnograč
0;17.1568,45.1016;78408;;Vrbaška
0;17.4199,44.5842;78225;;Vrbanjci
0;17.8642,43.3781;88113;;Vrapčići
3209;18.3540,44.3588;72227;;Vozuća
8180;18.3444,43.9023;71320;;Vogošća
4508;18.9410,44.1818;75440;;Vlasenica
4384;17.4839,43.2375;88326;;Vitina
8140;17.7901,44.1542;72250;;Vitez
17890;18.1781,43.9889;71300;;Visoko
6087;19.2926,43.7826;73240;;Višegrad
0;17.1938,43.5217;88247;;Vir
0;18.0948,45.0628;74455;;Vinska
0;17.2831,44.2699;70202;;Vinac
4;18.7311,44.9821;76275;;Vidovice
3905;17.0283,43.7714;80208;;Vidoši
0;17.4247,44.0342;70234;;Vesela
3549;19.1618,44.8046;76329;;Velika Obarska
19330;15.8058,45.1850;77230;;Velika Kladuša
6573;16.0191,45.0894;77243;;Varoška Rijeka
7193;18.3283,44.1644;71330;;Vareš
0;17.6985,43.8107;88444;;Uzdol
0;19.4839,43.6001;73265;;Uvac
4446;18.7911,43.5834;73250;;Ustikolina
0;18.1637,42.6757;70280;;Uskoplje
0;17.7184,44.4850;74278;;Ugodnovići
3452;19.0338,44.6777;76330;;Ugljevik
142486;18.6671,44.5384;75000;;Tuzla
0;17.1581,45.0063;78404;;Turjak
4767;17.5750,44.2435;72283;;Turbe
6617;15.7849,44.9760;77225;;Tržačka Raštela
7553;17.2358,44.8583;78252;;Trn
33178;18.3436,42.7120;89101;;Trebinje
31127;17.6658,44.2264;72270;;Travnik
0;17.3147,44.2286;70224;;Torlakovac
4;18.6424,45.0439;76272;;Tolisa
6587;18.7880,44.4821;75265;;Tojšići
0;18.6920,43.3546;73311;;Tjentište
0;17.3867,43.3149;88348;;Tihaljina
6405;17.8597,44.6064;74270;;Teslić
7550;17.9855,44.6119;74260;;Tešanj
0;18.0955,43.7949;71244;;Tarčin
4388;16.5402,45.0377;79229;;Svodna
4987;15.8582,45.0974;77234;;Šumatac
0;17.1831,43.8403;80249;;Šujica
1503;19.1099,44.6910;74221,76321;;Suho Polje
5014;15.7781,45.0639;77223;;Šturlić
4424;18.6842,44.3138;75283;;Stupari
7733;17.9599,43.0840;88360;;Stolac
10844;16.0222,44.9363;77224;;Stijena
0;16.6069,44.8292;79268;;Stari Majdan
0;16.8873,45.1327;79249;;Sreflije
6723;18.4883,44.7082;75350;;Srebrenik
2862;19.2967,44.1075;75430;;Srebrenica
7380;17.5233,45.0973;78420;;Srbac
8842;18.8008,43.9382;71350;;Sokolac
0;18.2925,44.6641;74323;;Sočkovac
0;17.5999,44.6768;74279;;Šnjegotina Gornja
4304;18.4258,44.7290;75353;;Sladna
6866;17.3816,44.4907;78230;;Kneževo
0;19.5356,43.9753;75436;;Skelani
0;18.1658,44.8048;74212;;Sjenina
0;16.9325,44.5204;79283;;Sitnica
0;17.5624,45.0522;78422;;Sitneši
10738;17.0860,44.2824;70270;;Šipovo
2278;18.7419,44.5277;75207;;Simin Han
3663;18.5637,44.4667;75275;;Šerići
0;18.3204,43.9195;71321;;Semizovac
6315;18.8553,44.2990;75450;;Šekovići
696731;18.3564,43.8486;71000,71101,71103,71104,71108,71120,71121,71122,71123,71124,71125,71140,71141,71145,71160,71162,71165,71166,71167;;Sarajevo
0;18.9982,44.5038;75411;;Sapna
13551;16.6670,44.7667;79260;;Sanski Most
1760;19.3672,43.6178;73260;;Rudo
4947;19.0036,43.7989;73220;;Rogatica
0;15.9557,44.7665;77215;;Ripač
0;17.5333,44.9667;78249;;Razboj Ljevčanski
0;17.9656,42.8874;88370;;Ravno
1000;17.1677,43.5804;80247;;Roško Polje
4072;17.5406,43.2230;88325;;Radišići
3461;18.4786,44.5456;75305;;Puračić
10006;17.6582,44.1713;72290;;Novi Travnik
0;18.3564,44.1472;71335;;Pržići
0;17.3818,44.0979;70223;;Prusac
0;18.4512,45.0715;76292;;Prud
10349;17.6092,43.8222;88440;;Prozor
0;18.0069,44.8157;74214;;Prnjavor Mali
7099;17.6626,44.8702;78430;;Prnjavor
0;16.9198,43.8742;80202;;Priluka
36347;16.7140,44.9799;79102;;Prijedor
4351;18.9317,44.6023;75249;;Priboj
3558;17.6898,44.6101;74276;;Pribinić
0;19.2606,43.8544;73245;;Prelovo
8312;17.8786,43.4095;88208;;Potoci
6267;17.3262,43.4728;88240;;Posušje
0;15.8805,44.8518;77209;;Pokoj
6665;15.8736,45.1742;77232;;Podzvizd
0;16.9690,44.4079;70266;;Podrašnica
0;18.5862,44.6366;75355;;Podorašje
1250;18.1167,44.9483;74217;;Podnovlje
0;18.2595,43.9697;71387;;Podlugovi
5801;16.9989,43.7229;80209;;Podhum
0;18.7037,43.7658;71425;;Podgrab
0;17.8443,44.1722;72252;;Počulica
0;18.7562,44.6728;75248;;Piperi
4;18.5919,44.9010;76256;;Pelagićevo
6514;15.8969,45.0544;77227;;Pećigrad
4787;18.1605,43.7888;71243;;Pazarić
2728;19.2306,44.7273;76315;;Patkovača
0;18.9479,44.3364;75453;;Papraća
7458;18.5695,43.8166;71420;;Pale
0;18.0492,44.4767;72238;;Ozimica
6595;16.1792,44.9600;77244;;Otoka
5456;15.9405,44.9087;88423,77228;;Ostrožac
3923;18.5846,44.9972;76279,79263;;Oštra Luka
0;18.9164,44.4016;75406;;Osmaci
1264;17.8744,44.8477;74412;;Osinja
4371;16.8633,43.7741;80206;;Orguz
3613;18.6933,45.0337;76270;;Orašje
5612;18.3695,44.6534;75323;;Orahovica Donja
0;17.6408,44.0971;79293;;Opara
6466;16.8981,44.8917;79203;;Omarska
3305;18.5806,44.1277;71340;;Olovo
11621;18.3211,45.0246;76290,88285;;Odžak
2171;18.5987,44.9522;76235;;Obudovac
0;17.4191,44.1949;70225;;Oborci
0;17.4742,45.0133;78428;;Nožičko
4416;18.0262,44.5103;74254;;Novi Šeher
8920;16.3778,45.0464;79220;;Novi Grad
0;17.3091,45.0527;78418;;Nova Topola
0;19.1072,44.2146;75445;;Nova Kasaba
7313;18.1133,43.2586;88280;;Nevesinje
4200;17.6156,42.9233;88390;;Neum
0;17.9192,44.3317;72212;;Nemila
14737;17.0829,44.4173;70260;;Mrkonjić Grad
3918;18.5646,44.5923;75212;;Mramor
104518;17.8081,43.3433;88000,88101,88103,88110;;Mostar
0;18.4004,42.7699;89204;;Mosko
0;18.4183,44.6371;75329;;Miričina
0;18.3834,44.9925;74485;;Miloševac
0;18.6442,43.5209;73313;;Miljevina
0;19.0375,43.6003;73283;;Miljeno
8210;19.0920,44.1702;75446;;Milići
0;17.3044,43.5687;80243;;Mesihovina
0;17.9339,44.0474;72282;;Mehurići
0;16.7540,45.1130;79247;;Međuvođe
2265;17.6755,43.1958;88266,88267;;Međugorje
0;18.0489,44.6878;74203;;Matuzići
4899;17.5322,44.5659;78223;;Maslovare
3764;18.2734,44.7382;75326;;Malešići
240;17.9308,44.8354;74418;;Mala Sočanica
6033;15.8522,45.1344;77235;;Mala Kladuša
7399;18.1000,44.5477;74250;;Maglaj
0;16.8121,43.9048;80203;;Lusnić
44520;18.5262,44.5425;75300;;Lukavac
4084;18.1689,44.7645;75327;;Lukavica
3614;18.8434,44.6350;75240;;Lopare
893;18.6843,44.9425;76278;;Lončari
0;17.6992,43.3084;88223;;Ljuti Dolac
9987;17.5450,43.1969;88320;;Ljubuški
4235;18.0870,42.9512;88380;;Ljubinje
4;16.6069,44.9143;79206;;Ljubija
11748;17.0075,43.8269;80101;;Livno
9370;17.5942,43.3829;88220;;Široki Brijeg
0;16.7779,43.8759;80204;;Lištani
0;17.3284,45.0981;78407;;Laminci Sređani
6464;17.3013,44.9086;78250;;Laktaši
0;16.0886,44.5608;77206;;Kulen Vakuf
0;17.7492,44.7638;78443;;Kulaši
0;17.4071,44.9915;78424;;Kukulje
1257;17.1435,44.6187;78206;;Krupa na Vrbasu
0;16.2269,44.6900;77253;;Krnjeuša
0;17.4128,44.9436;78256;;Kriškovci
0;18.0433,43.8656;71260;;Kreševo
0;18.7280,44.9301;76212;;Krepšić
0;16.7464,44.6058;79284;;Krasulje
4;19.1108,44.4939;75413;;Kozluk
4;16.8416,44.9748;79202;;Kozarac
6410;18.2052,44.4487;72226;;Kovači
5068;17.3720,44.6183;78220;;Kotor Varoš
0;18.0594,44.8342;74215;;Kotorsko
0;18.6622,45.0250;76276;;Kostrč
4739;16.5393,45.2196;74222,79224;;Kostajnica
0;18.4289,44.9550;76236;;Kornica
4;18.8819,44.7086;75247;;Koraj
862;17.3517,43.3656;80244;;Kongora
3516;17.4855,43.3901;88226;;Kočerin
0;18.7588,44.0200;71356;;Knežina
0;18.1888,44.7329;74207;;Klokotnica
7245;16.7768,44.5325;79280;;Ključ
6783;18.6927,44.2267;75280;;Kladanj
0;18.2087,43.2822;88283;;Kifino Selo
0;17.0137,43.6108;80246;;Kazaginac
0;18.3885,43.7979;71213;;Kasindo
1095;18.4465,43.5046;71230;;Kalinovik
2039;18.9071,44.4376;75260;;Kalesija
12406;18.1229,44.1331;72240;;Kakanj
0;17.4288,44.7431;78244;;Jošavka
0;16.6830,45.1823;79244;;Johova
4361;16.0945,44.9817;77241;;Jezerski
0;17.2573,44.6169;78233;;Javorani
0;17.6510,43.3257;88224;;Jare
5544;19.2469,44.6655;76316;;Janja
9763;17.2706,44.3420;70101;;Jajce
6209;17.7617,43.6603;88420;;Jablanica
4089;15.7826,44.8749;77208;;Izačić
0;17.4761,44.4018;78234;;Imljani
5855;18.2713,43.9513;71380;;Ilijaš
71277;18.3070,43.8315;71210;;Ilidža
0;17.8138,42.9554;88394;;Hutovo
0;18.6121,44.5144;75216;;Husino
0;18.4970,43.8780;71144;;Hreša
0;17.9257,43.1448;88368;;Hodovo
4206;18.9526,44.0816;71360;;Han Pijesak
0;18.1680,44.0993;72245;;Haljinići
7173;18.2067,43.8222;71240;;Hadžići
0;17.7262,44.2439;72277;;Guča Gora
4627;17.4145,43.3721;88340;;Grude
0;18.5361,45.0377;76234;;Grebnice
15659;18.4276,44.8785;76250;;Gradačac
7014;17.5883,43.9381;70240;;Gornji Vakuf
0;17.7973,44.5831;74272;;Gornji Teslić
1443;17.7415,44.9912;78438;;Gornji Smrtići
0;16.8169,44.4175;79288;;Gornji Ribnik
4;18.6942,44.7833;76207;;Gornji Rahić
0;17.0469,45.0577;78405;;Gornji Podgradci
3017;18.7616,44.5566;75208;;Gornja Tuzla
4600;15.9549,45.0109;77222;;Gornja Koprivna
0;18.3861,45.0549;76296;;Gornja Dubica
17650;18.9756,43.6679;73101;;Goražde
0;17.0716,44.7594;78203;;Goleši
0;17.7639,43.6200;88422;;Glogošnica
0;18.1351,44.4871;74258;;Globarica
0;19.1843,44.5996;76318;;Glavičice
4016;16.8486,44.0458;80230;;Glamoč
0;18.3536,44.9692;74484;;Garevac
3417;18.5353,43.1672;89240;;Gacko
8244;17.9029,43.9595;71270,89247;;Fojnica
14615;18.7785,43.5065;73302;;Foča
0;19.5164,44.0784;75423;;Fakovići
0;17.5141,43.3553;88342;;Dužice
7737;17.2251,43.7185;80240;;Tomislavgrad
4;18.6559,44.4019;75272;;Đurđevik
4821;18.7268,44.4723;75273;;Dubrave Gornje
3811;18.6971,44.4806;75274;;Dubrave Donje
0;18.3245,44.2383;75308;;Duboštica
0;17.4503,44.1025;70237;;Drvetine
3730;16.3808,44.3739;80260;;Drvar
3791;17.3254,43.3545;88344;;Drinovci
0;19.1481,44.2877;75410;;Drinjača
0;16.4670,44.5067;79290;;Drinić
0;17.7846,44.7674;74209;;Dragalovci
1157;18.6467,44.9432;76273;;Donji Žabar
4;17.6097,44.7964;78432;;Donji Vijačani
7955;17.4000,44.1436;70220;;Donji Vakuf
0;18.2739,45.1098;76297;;Donji Svilaj
0;18.1416,44.0245;71305;;Donje Moštre
0;19.1517,44.5801;75412;;Donja Pilica
3782;18.4048,44.8023;76257;;Donja Međiđa
5565;18.6700,45.0433;76274;;Donja Mahala
4;18.5861,45.0611;76233;;Domaljevac
3582;16.4787,45.1511;79223;;Dobrljin
0;18.3925,44.7575;75328;;Doborovci
27235;18.0870,44.7318;74101;;Doboj
0;18.2943,43.0409;89233;;Divin
7251;17.3268,44.3668;70204;;Divičani
9773;17.9078,44.9784;74400,75444;;Derventa
0;18.5354,43.6878;71223;;Delijaš
0;17.5334,44.9898;78427;;Ćukali
4;19.1454,44.8535;76328;;Crnjelovo Donje
5789;17.8645,43.1316;88367;;Crnići
5223;15.8719,45.0069;77226;;Ćoralići
5718;17.7008,43.2286;88260;;Čitluk
0;17.6404,43.2731;88265;;Čerin
6670;17.3243,44.7245;78240;;Čelinac
4;18.8147,44.7252;75246;;Čelić
3847;17.7578,44.6796;74274;;Čečava
21741;15.9431,44.9669;77220;;Cazin
7923;17.6844,43.1214;88300;;Čapljina
3909;19.0719,43.5571;73280;;Čajniče
7229;16.0325,45.0536;77245;;Bužim
4776;17.8783,44.0977;72260;;Busovača
0;17.9440,43.0183;88366;;Burmazi
0;17.8397,43.2460;88202;;Buna
0;17.7359,44.5955;74277;;Buletić
4;18.6100,44.5285;75203;;Bukinje
41378;17.4508,44.0572;70230;;Bugojno
3945;16.9404,44.7924;78204;;Bronzani Majdan
9249;17.9872,45.1375;73309,74450;;Brod
0;18.1208,44.2315;72243;;Brnjic
2800;18.7242,44.8284;76206;;Brka
0;19.1577,44.7509;74206;;Brijesnica
0;17.7803,44.8187;74210;;Brestovo
0;15.8847,44.8836;77205;;Brekovica
38968;18.8163,44.8716;76100,76120,76101;;Brčko
4717;19.3309,44.1846;75420;;Bratunac
0;18.3532,44.6280;74317;;Petrovo
5643;16.3639,44.1794;80270;;Bosansko Grahovo
3599;18.4676,45.0599;76230;;Šamac
4;16.3690,44.5554;77250;;Bosanski Petrovac
15193;16.1514,44.8825;77240;;Bosanska Krupa
13346;17.2545,45.1448;78400;;Gradiška
9959;16.8094,45.1767;79240;;Kozarska Dubica
0;18.2159,44.6823;74322;;Boljanić
5676;17.8228,44.4868;74275,88263;;Blatnica
4715;17.8881,43.2589;88201;;Blagaj
0;18.0040,44.1372;72248;;Bilješevo
13257;18.4297,42.8764;89230;;Bileća
0;18.0021,44.0238;71253;;Bilalovac
4397;16.9268,43.7826;72256;;Bila
90;17.9068,45.0237;73263;;Bijelo Brdo
37692;19.2144,44.7587;76300;;Bijeljina
3484;17.9508,43.6087;76204;;Bijela
75641;15.8708,44.8169;77000;;Bihać
0;17.9916,44.3515;72233;;Begov Han
4;19.2018,44.8453;76312;;Batković
7211;18.5265,44.4060;75290;;Banovići
221106;17.2063,44.7788;78000,78103,78108,78114;;Banja Luka
0;16.5653,44.7919;79266;;Donji Kamengrad
0;17.8802,44.1293;72265;;Kaonik
5291;17.9590,44.6540;74264;;Jelah
3590;17.8271,44.7448;74208;;Stanari
0;17.5659,44.7376;78243;;Dubrava Stara
0;17.7067,44.9225;78433;;Šibovska
0;16.5158,44.7908;79264;;Fajtovci
0;16.8252,44.3558;79289;;Donji Vrbljani
0;16.4751,44.9341;79228;;Donji Agići
0;18.3481,44.9241;74261;;Skugrić Gornji
1029;18.6088,44.5662;75213;;Lipnica
0;18.7329,44.6675;75245;;Šibošnica
1710;19.2600,44.8075;76311;;Dvorovi
0;19.0507,44.4122;75404;;Gušteri
4792;16.6767,45.1055;79246;;Knežica
0;16.9470,45.2103;79243;;Demirovac
0;15.8224,44.9179;77207;;Velika Gata
0;17.6789,43.7286;88443;;Gračac
0;17.6925,44.2180;72278;;Dolac na Lašvi
0;16.4326,44.7439;79267;;Lušci Palanka
0;17.4772,44.0470;70235;;Karadže
0;18.6664,44.0080;71355;;Kaljina
3954;18.4296,44.2663;71347;;Careva Ćuprija
0;16.6135,44.6248;79285;;Sanica Gornja
0;17.1267,44.8028;78202;;Saračica
4582;16.8993,44.9202;79204;;Lamovita
5666;18.0111,44.6723;74266;;Tešanjka
0;17.5585,44.8857;78434;;Naseobina Lišnja
0;18.5998,44.8204;76205;;Seonjaci
0;18.6722,44.7614;75356;;Špionica
0;18.7662,44.8084;76210;;Boće
0;17.7798,43.1376;88305;;Domanovići
0;17.7517,42.9550;88243;;Broćanac
0;18.6047,44.4925;75214;;Ljubače
0;18.8130,44.4662;75268;;Rainci Gornji
0;18.8783,43.8420;73223;;Stjenice
0;17.0809,43.6956;80205;;Guber
0;17.7373,44.1943;72276;;Nova Bila
4026;17.5275,43.9758;70243;;Pajić Polje
9560;15.9308,45.0883;77233;;Todorovo
0;19.4012,43.7458;73247;;Dobrun
15950;17.9608,43.6513;88400;;Konjic
0;18.3364,42.7912;89209;;Ljubomir
0;17.7046,43.5286;88215;;Donja Drežnica
0;17.9840,43.6973;88403;;Podorašac
8996;18.3020,44.9578;74480;;Modriča
