9121;20.1665,42.8330;84310;;Rožaje
0;20.2161,42.9103;84315;;Biševo
0;20.2964,42.8867;84314;;Bać
517;18.8102,42.4339;81255;;Njeguši
1937;19.1232,43.1542;84220;;Žabljak
393;19.4617,43.2167;84214;;Vrulja
0;19.3128,42.0067;85366;;Vladimir
337;19.0925,42.2456;81305;;Virpazar
0;18.6342,42.8200;81428;;Velimlje
10828;19.2244,41.9294;85360,85362;;Ulcinj
493;19.2567,42.5842;81205;;Ubli
3789;19.3297,42.3658;81206;;Tuzi
0;18.7792,42.7447;81421;;Trubjela
0;19.8242,42.7769;84322;;Trepča
0;19.6386,43.0631;84212;;Tomaševo
6280;18.6936,42.4362;85320;;Tivat
410;18.8914,42.2561;85315;;Sveti Stefan
1827;19.0467,42.1428;85355;;Sutomore
995;19.0731,43.3847;84218;;Šula
1514;19.1360,42.0970;85354;;Stari Bar
1241;19.1950,42.5150;81412;;Spuž
633;19.0961,42.9569;81450;;Šavnik
2083;18.6956,42.5150;85337;;Risan
484;19.0253,42.3564;81253;;Rijeka Crnojevića
0;18.6703,42.3933;85323;;Radovići
1244;18.7422,42.4575;85335;;Prčanj
236852;19.2631,42.4412;81101,81102,81103,81104,81105,81106,81107,81108,81109,81110,81111,81113,81114,81115;;Podgorica
1494;18.8390,43.1521;81435;;Plužine
19489;19.3584,43.3567;84210,84211;;Pljevlja
3615;19.9442,42.5969;84325;;Plav
551;18.6992,42.4869;85336;;Perast
0;19.1731,42.0303;85356;;Pečurice
0;19.6286,43.1375;84213;;Pavino Polje
0;19.3519,43.2722;84219;;Odžak
264;19.2203,43.1225;84224;;Njegovuđa
58212;18.9445,42.7731;81400,81402,81403;;Nikšić
0;19.8825,42.6614;84323;;Murino
4120;19.5833,42.9604;84205;;Mojkovac
0;18.5619,42.4558;85348;;Meljine
0;19.5533,42.7611;81217;;Mateševo
0;19.7656,42.8600;84306;;Lubnice
0;19.8758,42.9550;84305;;Lozna
5;18.8003,42.4272;81422;;Krstac
164;19.0147,43.4728;84216;;Kovačevići
5345;18.7682,42.4207;85330;;Kotor
379;19.3183,43.2047;84223;;Kosanica
2989;19.5165,42.8223;81210;;Kolašin
0;18.9603,42.7503;81405;;Kličevo
11073;19.8728,42.8433;84300;;Berane
3754;18.5065,42.4601;85347;;Igalo
19536;18.5375,42.4531;85340;;Herceg Novi
1673;19.8339,42.5619;84326;;Gusinje
36;19.0928,42.4133;84215;;Gradac
214;19.1378,43.0367;81453;;Gornja Bukovica
3110;19.2310,42.3352;81304;;Golubovci
0;19.3200,42.8617;81216;;Dragovića Polje
0;18.5417,42.9567;81427;;Donje Crkvice
674;18.6886,42.4431;85332;;Donja Lastva
5435;18.7683,42.4542;85331;;Dobrota
5208;19.1461,42.5538;81410;;Danilovgrad
0;18.9175,42.5461;81258;;Čevo
15137;18.9142,42.3906;81250;;Cetinje
0;19.1128,42.0811;85353;;Čeluga
0;18.9653,42.1986;85352;;Buljarica
18000;18.8392,42.2872;85310,85311,85312;;Budva
0;19.2133,43.4556;84217;;Boljanići
5;18.7914,42.3369;81417;;Bogetići
0;19.2128,42.9414;81455;;Boan
255;19.3514,42.5131;81214;;Bioče
15400;19.7476,43.0383;84000,84202;;Bijelo Polje
2395;18.6556,42.4533;85343;;Bijela
850;18.8692,42.2839;85316;;Bečići
17727;19.0984,42.0937;85000;;Bar
603;18.6300,42.4425;85344;;Baošići
1073;19.7919,42.7339;84320;;Andrijevica
0;18.8150,42.5536;81259;;Bata
0;19.9636,42.9097;84312;;Petnjica
0;18.9047,42.9956;81432;;Donja Brezna
0;19.7861,43.0031;84303;;Zaton
0;18.4964,42.8389;81426;;Vraćenovići
0;19.3183,42.0772;85306;;Ostros
0;19.1419,42.3925;81252;;Barutana
5;18.9981,42.1628;85357;;Čanj
121;18.9461,43.1906;81437;;Trsa
148;18.6728,42.4667;85342;;Kamenari
0;18.9428,42.8544;81432;;Vidrovan
5;18.7603,42.3586;85318;;Radanovići
5;18.9269,42.2128;85314;;Perazića Do
0;19.1197,42.7219;81418;;Miolje Polje
0;18.9989,42.6650;81416;;Glava Zete
0;19.0903,42.5042;85300;;Petrovac
0;19.1658,41.9492;85368;;Valdanos
0;19.2478,41.9122;85361;;Velika Plaža
0;18.6140,42.4396;85345;;Đenovići
