621;-6.7830,62.1585;480;;Ytri Skáli
2;-6.7238,61.4427;928;;Víkarbyrgi
0;-7.3667,62.1333;387;;Vikar
0;-6.8974,62.1182;410;;Við Sjógv
1158;-6.7500,62.1197;490;;Við Sjógv
0;-6.9497,61.5987;850;;Við Neyst
0;-7.1955,62.0455;370;;Við Kirkjar
0;-6.5433,62.3665;750;;Við Garð
0;-6.7208,62.2094;510;;Við Garð
0;-6.5313,62.3600;750;;Viðareiði
1268;-7.1729,62.1535;350;;Vestmanna
252;-6.8526,61.9808;176;;Velbastaður
44;-7.2333,62.0667;385;;Vatnsoyrar
55;-7.1439,62.1503;350;;Válur
0;-6.5863,62.2240;700;;Vágur
1363;-6.8118,61.4732;900;;Vágur
0;-6.5694,62.2213;700;;Vágsheygur
0;-6.9500,62.0333;178;;Uti á Fløtum
0;-6.5842,62.2220;700;;Uppsalir
862;-6.8111,61.5556;800;;Tvøroyri
13;-6.7827,62.3609;798;;Trøllanes
533;-6.8479,61.5626;826;;Trongisvágur
0;-6.7908,61.8437;210;;Traðir
13200;-6.7716,62.0097;100;;Tórshavn
0;-6.7342,62.0845;655;;Torkilsheyggjur
964;-6.7348,62.0928;650;;Toftir
0;-6.7097,62.2117;520;;Toftanes
0;-6.8851,62.1183;410;;Todnes
66;-7.1456,62.2890;445;;Tjørnuvík
0;-6.8847,61.5219;870;;Teigar
491;-6.7515,62.1837;666;;Syðrugøta
14;-6.6606,62.2450;796;;Syðradalur
7;-6.9086,62.0188;177;;Syðradalur
95;-6.3339,62.2786;765;;Svínoy
43;-7.0284,62.2316;438;;Svínáir
1;-6.8366,62.0473;186;;Sund
349;-6.7120,61.4032;970;;Sumba
42;-7.0601,62.1176;340;;Stykkið
319;-7.0315,62.1915;430;;Streymnes
970;-6.7572,62.1073;490;;Strendur
1148;-7.3075,62.0720;386;;Sørvágur
0;-6.8873,61.8469;210;;Søltuvík
365;-6.7543,62.1632;665;;Søldarfjørður
0;-7.2451,62.1537;350;;Slættanes
53;-6.8050,61.7710;260;;Skúvoy
0;-6.8072,61.8374;210;;Skúli
457;-6.8823,61.9029;240;;Skopun
11;-7.0061,62.0964;330;;Skælingur
55;-6.7650,62.1721;665;;Skipanes
4;-6.7454,61.7942;236;;Skarvanes
0;-6.6425,62.3234;780;;Skarð
751;-6.7794,62.1554;480;;Skáli
171;-6.6623,61.8314;220;;Skálavík
0;-6.9571,61.6030;850;;Skálar
133;-6.8477,62.1950;485;;Skálafjørður
0;-6.7496,61.4746;950;;Sjóvartoftir
152;-6.9273,62.0962;415;;Signabøur
0;-6.7553,62.1128;490;;Sevlendi
71;-6.8716,62.1564;497;;Selatrað
116;-6.9246,61.6328;860;;Sandvík
608;-6.8078,61.8425;210;;Sandur
779;-7.1498,62.0537;360;;Sandavágur
152;-6.7395,62.1030;650;;Saltnes
1116;-6.7180,62.1165;600;;Saltangará
37;-7.1724,62.2482;436;;Saksun
0;-7.2038,62.0507;370;;Ryggur
591;-6.7212,62.1089;600;;Runavík
327;-6.6870,62.1045;640;;Rituvík
0;-6.8167,61.5500;800;;Punthavn
396;-6.7450,61.4813;950;;Porkeri
172;-6.9776,62.1903;450;;Oyri
0;-7.1667,62.1167;358;;Oyrargjógv
38;-6.9455,62.0992;415;;Oyrareingir
171;-7.0000,62.2099;460;;Oyrarbakki
136;-6.8464,62.2779;690;;Oyndarfjørður
36;-6.8077,61.5348;827;;Øravík
0;-6.8799,61.5260;870;;Oman fyri Kirkju
2;-6.5081,62.2755;735;;Norðtoftir
331;-7.0051,62.2219;460;;Norðskáli
668;-6.7419,62.2007;512;;Norðragøta
19;-6.9255,62.0389;178;;Norðradalur
156;-6.5333,62.2167;725;;Norðoyri
163;-6.5251,62.2947;730;;Norðdepil
227;-6.6702,62.0094;270;;Nólsoy
2;-7.0167,62.2167;437;;Nesvík
0;-7.1549,62.1501;350;;Nesið
366;-6.7272,62.0820;655;;Nes
366;-6.9270,61.5927;850;;Nes
0;-6.7544,61.4726;950;;Nes
0;-6.5773,62.2291;700;;Myrkjanoyri
25;-7.6342,62.1049;388;;Mykines
4;-6.5769,62.3506;737;;Múli
45;-6.8414,62.1324;496;;Morskranes
27;-6.7596,62.3334;797;;Mikladalur
1040;-7.1939,62.0511;370;;Miðvágur
0;-6.8842,62.1191;410;;Miðgerði
124;-6.7713,61.4436;926;;Lopra
36;-7.0624,62.2672;466;;Ljósá
60;-6.8333,61.5500;800;;Líðin
112;-7.0405,62.1165;330;;Leynar
0;-6.7517,61.4500;927;;Leiti
1048;-6.6928,62.2099;520;;Leirvík
41;-7.0465,62.2335;438;;Langasandur
0;-6.7872,62.1623;480;;Langasandur
157;-6.6997,62.1397;627;;Lambi
7;-6.7167,62.1333;625;;Lambareiði
608;-7.0747,62.1173;340;;Kvívík
70;-6.6475,62.3039;780;;Kunoy
0;-6.8038,61.4738;900;;Krosslið
0;-6.8138,61.4674;900;;Kráir
2;-6.9624,61.9865;285;;Koltur
830;-6.9107,62.1117;410;;Kollafjørður
28;-6.7833,62.1000;495;;Kolbeinagjógv
5013;-6.5890,62.2266;700;;Klaksvík
0;-6.8667,62.1167;410;;Kjalnes
81;-6.7908,61.9531;175;;Kirkjubøur
31;-6.3165,62.3185;766;;Kirkja
258;-6.8281,62.0606;186;;Kaldbak
0;-7.1859,62.0438;370;;Jansagerði
81;-6.7500,62.1333;494;;Innan Glyvur
0;-7.1631,62.0486;360;;Í Húsi
0;-6.7230,61.4072;970;;Í Hørg
0;-6.8667,61.4667;900;;Í Fámara
0;-6.7833,61.4833;900;;Í Botni
99;-6.7630,62.0455;187;;Hvítanes
0;-6.8368,61.5586;826;;Hvítanes
271;-6.5185,62.2969;730;;Hvannasund
266;-7.0328,62.1878;430;;Hvalvík
673;-6.9606,61.6024;850;;Hvalba
115;-6.6709,61.8076;230;;Húsavík
33;-6.6891,62.2627;796;;Húsar
4618;-6.7813,62.0341;188;;Hoyvík
149;-6.7599,61.5068;960;;Hov
335;-6.9453,62.1519;420;;Hósvík
0;-6.9506,61.6051;850;;Hólar
0;-6.9443,62.1026;415;;Heyggjur
0;-6.7638,62.1080;490;;Heyggjur
44;-6.8826,61.9558;280;;Hestur
30;-6.8414,62.2625;695;;Hellur
11;-6.2757,62.3294;767;;Hattarvík
69;-6.6030,62.2725;785;;Haraldssund
0;-6.7258,61.4406;928;;Hamrabyrgi
0;-6.9048,62.1199;410;;Hamar
0;-6.9500,61.6000;850;;Hamar
119;-7.0933,62.2756;440;;Haldarsvík
0;-6.7508,62.1806;666;;Grógv
46;-6.7434,62.1920;512;;Gøtugjógv
39;-6.7667,62.1833;666;;Gøtueiði
0;-6.7360,62.1989;510;;Gøta
456;-6.7215,62.1247;600;;Glyvrar
0;-7.0270,62.1418;330;;Gjógvin
53;-6.9358,62.3229;476;;Gjógv
55;-7.0388,62.2253;438;;Gjánoyri
0;-6.5667,62.2333;700;;Gerðar
0;-6.7689,62.1041;495;;Gerðar
11;-7.4325,62.1124;387;;Gásadalur
47;-6.9680,62.2871;475;;Funningur
68;-6.9253,62.2366;477;;Funningsfjørður
1542;-6.8140,62.2440;530;;Fuglafjørður
290;-6.7703,61.5438;825;;Froðba
0;-6.5359,62.3629;750;;Fodlendi
83;-6.8807,61.5256;870;;Fámjin
23;-6.9052,62.2802;478;;Elduvík
634;-7.0925,62.2993;470;;Eiði
0;-6.7500,61.8000;236;;Djúpidalur
3;-6.5228,62.2869;735;;Depil
45;-6.6715,61.7846;235;;Dalur
74;-7.3663,62.0878;386;;Bøur
0;-6.6980,62.2319;520;;Blankskáli
0;-6.5769,62.2270;700;;Biskupsstøð
0;-7.1333,62.1500;358;;Á Steig
75;-6.5201,62.2526;727;;Árnafjørður
2504;-6.7715,61.9960;160;;Argir
18;-6.5752,62.2560;726;;Ánir
13;-6.7602,61.4558;927;;Akrar
0;-6.6792,61.3938;970;;Akraberg
0;-6.6861,62.0692;645;;Æðuvík
0;-6.8301,61.5188;870;;Suduroy
0;-6.7525,62.2091;512;;Eystur
0;-6.7897,62.0345;188;;millum Gilja
