579;42.8320,41.7534;0300;;Abastumani
0;42.1909,42.1972;0200;;Abashisp’iri
0;43.3542,42.5562;3600;;Seva
0;41.7275,41.5438;6400;;Ach’arists’q’ali
0;41.8281,41.5792;6100;;Zundaga
40067;41.8680,42.5084;2100;;Zugdidi
0;43.3814,42.5697;3600;;Zudali
0;42.1603,42.6050;5000;;Zumi
1513;43.0413,42.1861;2000;;Zovreti
0;44.6907,42.1482;1800;;Zot’ik’iantk’ari
0;42.4499,41.8940;4900;;Zot’i
0;42.1444,42.0331;4900;;Zomleti
0;42.8409,42.5525;5100;;Zogishi
0;43.3218,42.3443;5500;;Zodi
0;43.0810,42.5131;0400;;Znak’va
0;44.3539,41.6518;2300;;Zirbiti
0;43.1128,41.6946;0800;;Zik’ilia
0;45.7426,41.7179;1500;;Ziari
0;42.7015,42.3737;5400;;Zhoneti
2643;44.7726,42.1318;1800;;Zhinvali
0;42.3128,42.5117;3100;;Zhinota
0;44.9847,42.1066;2500;;Zhebot’a
393;43.7721,41.1676;3400;;Zhdanovi
0;43.4629,42.5530;3600;;Zhashkva
0;42.2098,41.7147;6300;;Zhanivri
0;42.8120,43.0506;3200;;Zhamushi
0;43.0162,42.9176;3200;;Zhibiani
0;42.8675,43.0468;3200;;Zhabeshi
20183;43.0329,42.1075;2000;;Zestaponi
0;41.9617,41.6198;6100;;Zesopeli
0;43.1894,42.8909;2900;;Zeskho
0;44.6490,42.2649;1800;;Zenubani
0;41.9058,41.8144;6200;;Zeniti
0;41.9295,41.6024;6100;;Zendidi
0;42.9594,42.5824;0400;;Zemo Zhoshkha
0;44.8088,42.0346;1800;;Zemo Ubani
0;44.8235,41.6408;0114;;Zemo Teleti
0;44.2454,42.0804;1400;;Zemo Sobisi
0;42.0946,42.0815;2800;;Zemo Shukhuti
0;44.5641,42.0289;1800;;Zemo Shuakhevi
0;44.7967,41.3251;3000;;Zemo Sarali
0;44.3861,41.9955;2600;;Zemo Rene
0;42.2466,42.0338;4900;;Zemo Partskhma
0;43.6338,42.0056;5700;;Zemo Osiauri
0;44.5170,41.8234;3300;;Zemo Nichbisi
0;41.8115,41.9376;3500;;Zemo Natanebi
0;46.0200,41.8153;2700;;Zemo Nashovari
0;46.1650,41.8528;2700;;Zemo Mskhalgori
0;44.4629,42.6107;4700;;Mna
0;44.4980,42.4318;1800;;Zemo Mleta
0;45.8996,41.6029;4200;;Zemo Magharo
0;45.9533,41.5659;1600;;Zemo Machkhaani
0;44.8791,41.3856;3000;;Zemo Q’ulari
0;44.7257,41.4282;1100;;Zemo Arkevani
0;44.5601,42.0132;1800;;Zemo K’odists’q’aro
0;43.9559,42.1850;1400;;Zemo Khviti
0;43.9270,41.9823;4500;;Zemo Khvedureti
0;44.7833,42.2583;1800;;Zemo Khorkhi
0;46.2318,41.8436;2700;;Khiza
135;40.3096,43.2379;6300;;Zemo Khevi
0;46.1447,41.8864;2700;;Zemo Khechili
0;44.3114,41.9006;2600;;Zemo Khandak’i
0;45.3386,42.1408;0900;;Zemo Khalats’ani
0;46.3924,41.4252;1600;;Zemo Kedi
0;42.7964,41.6857;0300;;Zemo Enteli
0;44.3381,41.8982;2600;;Zemo Chocheti
0;41.9866,42.0746;2800;;Zemo Chibati
0;43.6673,42.1193;5700;;Zemo Brolosani
0;43.9100,41.8643;1400;;Zemo Boshuri
0;45.9151,41.5849;4200;;Zemo Bodbe
0;45.3008,42.0444;0900;;Zemo Alvani
0;44.0958,41.7934;1400;;Zemo Akhalsopeli
0;42.0949,42.0462;2800;;Zemo Ak’eti
0;41.8978,41.5985;6100;;Kveda Agara
0;43.6842,42.0493;5700;;Zemo Adzvisi
0;41.7044,41.6872;6400;;Mts’vane K’ontskhi
0;43.5388,42.0382;5700;;Zek’ot’a
0;42.9083,41.9421;1000;;Zek’ari
0;44.9583,42.5713;1800;;Zeist’echo
0;42.6758,42.0936;1900;;Zeindari
0;44.2237,42.0535;1400;;Zeghduleti
0;45.7331,41.7978;1500;;Zegaani
0;42.2600,42.8923;3200;;Zeda Vedi
0;42.5180,42.0678;1900;;Zeda Vani
0;42.0711,41.9315;3500;;Zeda Uchkhubi
0;42.2459,42.9408;3200;;Zeda Ts’virmindi
0;42.9882,42.4995;0400;;Zeda Shavra
0;41.8711,41.7961;6200,6400;;Zeda Sameba
2099;43.0656,42.1439;2000;;Zeda Sakara
0;43.4867,42.3386;4000;;Zeda Orghuli
0;42.4631,42.0595;1900;;Zeda Mukedi
0;41.8571,41.5823;6100;;Zeda Makhuntseti
0;42.7117,42.6469;5100;;Zeda Lukhvano
0;41.8267,41.7856;6200;;Zeda K’virik’e
0;43.0083,42.0705;2000;;Zeda K’valiti
0;43.0405,42.0658;2000;;Zeda K’ldeeti
0;42.5684,42.4988;5900;;Zeda K’inchkha
0;42.7841,42.5661;5100;;Zeda Ghvirishi
0;42.8936,42.5362;0400;;Zeda Ghvardia
0;42.6990,42.0559;1900;;Zeda Gora
0;42.0524,42.0036;3500;;Zeda Dzimiti
0;41.8139,41.7522;6200;;Dagva
0;42.9250,42.5746;0400;;Zeda Ch’q’vishi
0;43.2585,42.3726;5500;;Zeda Ch’alovani
0;42.6058,42.0630;1900;;Zeda Bzvani
0;43.4022,42.1972;5500;;Zeda Beretisa
0;42.1117,41.9473;3500;;Zeda Bakhvi
0;41.7733,41.7372;6200;;Zeda Ach’q’va
0;42.6527,41.6781;0300;;Zarzma
0;44.8925,42.1368;2500;;Zaridzeebi
0;42.7829,43.0533;3200;;Zardlashi
0;42.7197,42.3565;5400;;Zarati
0;43.2316,42.0053;5600;;Zarani
0;42.7135,42.6259;5100;;Zaragula
0;44.7507,42.4220;1800;;Zanduk’i
0;42.0852,42.3905;4100;;Zana
0;42.2628,41.6289;6300;;Zamleti
0;43.5030,41.5050;0700;;Zak’vi
0;44.8313,41.9092;3300;;Zakaro
0;43.2816,41.2893;0700;;Erinja
0;43.7434,41.1909;3400;;Epremovk’a
0;43.9314,41.5897;5300;;Saq’drioni
1676;41.2304,42.8890;3400;;Vladimirovka
0;42.9027,42.9434;3200;;Vichnashi
0;44.6317,42.3283;1800;;Veshagurni
0;43.3327,42.1124;5600;;Vert’q’vila
0;43.3310,42.1062;5600;;Vert’q’vich’ala
0;45.2441,41.8523;3800;;Verona
0;42.4332,41.5586;6500;;Vernebi
0;46.0483,41.8147;2700;;Verkhvis Mindori
0;44.9118,42.1720;2500;;Verkhveli
0;44.6722,42.1221;1800;;Veltaurtk’ari
0;44.1042,41.4771;1700;;Velisp’iri
0;43.1840,42.4612;0400;;Velevi
0;45.0800,42.0480;0900;;Vedzebi
0;44.9906,41.9592;2500;;Vedzatkheva
0;43.8188,41.9829;4500;;Vedreba
0;42.2721,42.3301;3100;;Vedidk’ari
176;40.0867,43.4531;2300,3800;;Vashlovani
0;44.7289,42.2922;1800;;Vashlobi
0;43.3116,42.1297;5600;;Vashlevi
0;44.8490,42.1084;1800;;Vartsla
0;42.7160,42.1422;1000;;Vartsikhe
0;42.8431,41.6927;0300;;Varkhani
0;44.0299,42.0743;1400;;Variani
0;43.3514,41.5138;0500;;Vargavi
0;43.3928,41.5162;0700;;Varevani
500;43.2843,41.3802;0500,5600;;Vardzia
0;43.0808,42.2514;2400;;Vardigora
0;43.4301,41.8737;1200;;Vardgineti
0;45.6129,41.8729;2200;;Vanta
0;42.1803,41.9399;3500;;Vaniskedi
0;42.7530,42.4868;5400;;Vanisch’ala
3151;42.5119,42.0841;1900,6300,5500,5600;;Vani
4982;42.8811,41.6161;0800;;Vale
0;43.4795,42.1219;4000;;Vak’isa
0;45.9174,41.6468;4200;;Vakiri
0;42.1411,41.9160;3500;;Vak’ijvari
0;43.3194,41.9458;5600;;Vakhani
0;42.3481,42.5392;3100;;Vakha
0;43.2881,42.3775;5500;;Vak’evisa
221;40.1371,43.3735;1700,2300,2600,3500;;Vak’e
0;43.7133,42.0441;5700;;Vaq’a
0;41.9789,41.6194;6100;;Vaio
0;42.0037,41.6491;6100;;Varjanisi
0;43.4327,41.3546;0700;;Vachiani
0;43.2060,42.3192;5500;;Vach’evi
0;46.1511,41.8592;2700;;Uzuntala
0;43.6333,42.1169;5700;;Uts’levi
0;42.8011,42.5907;5100;;Utskheri
0;43.5419,42.6367;3600;;Uts’era
0;42.6091,43.0488;3200;;Ushkhvanari
0;44.5645,42.4426;1800;;Usharni
0;42.1377,42.3942;4100;;Ushapati
0;42.4150,42.9519;3200;;Usgviri
0;43.5482,42.0414;5700;;Urtkhva
0;41.8411,42.4315;2100;;Urta
1591;41.7786,41.9956;3500;;Ureki
0;41.6516,41.6226;6400;;Urekhi
0;43.9809,42.0155;4500;;Urbnisi
0;43.2909,42.6495;0400;;Uravi
0;43.0746,41.5583;0800;;Uraveli
0;44.6838,41.9826;3300;;Upureti
728;44.1712,41.9655;1400;;Uplistsikhe
0;42.8306,41.6774;0300;;Unts’a
0;45.1160,41.3916;1300;;Vakht’angisi
0;44.5630,41.2440;2700,3000,4200;;Ulianovk’a
0;44.8766,41.3232;3000;;Ulashlo
0;42.6888,42.0373;1900;;Ukhuti
0;44.5219,42.5575;4700;;Ukhati
0;43.1151,42.4488;0400;;Uq’eshi
0;44.3949,41.3258;1700;;Uk’angora
0;42.6471,42.1812;5400;;Uk’aneti
0;42.1835,41.9267;3500;;Uk’anava
0;45.1295,42.4070;1800;;Uk’anapshavi
0;44.6163,42.3327;1800;;Uk’anamkhari
0;44.9699,42.4349;1800;;Udzilaurta
0;43.5977,41.3661;3400;;Ujmana
0;45.1656,41.7899;3800;;Ujarma
0;42.7914,41.6397;0300;;Ude
0;45.3798,41.5064;3800;;Udabno
0;41.8108,41.5369;6100;;Uchkhiti
0;43.1833,42.0520;5600;;Uchameti
0;43.2206,42.1002;5600;;Ubisi
0;42.7948,42.5151;5100;;T’vishi
0;42.8645,42.8632;2900;;T’vibi
0;42.5989,43.0712;3200;;T’vebishi
0;44.4696,42.0397;2600;;Tvaurebi
0;43.2582,42.2282;5500;;Tvalueti
0;44.8460,42.1983;1800;;Tvalivi
0;44.4288,41.8450;2600;;Tvaladi
0;43.1025,42.2749;2400;;Tuzi
0;44.9068,42.1223;2500;;T’ushurebi
0;43.4689,41.5581;0700;;T’urtskhi
0;42.3603,41.6951;6500;;T’unadzeebi
0;45.5528,41.5797;3800;;Tulari
0;42.8066,43.0148;3200;;Ts’virmi
0;42.8645,42.2863;4300;;Tsutskhvati
0;42.7146,41.6810;0300;;Ts’re
0;44.3348,42.6285;4700;;Tsotsolta
0;43.5799,42.0483;5700;;Tsotskhnara
0;42.0176,41.6740;6100;;Ts’oniarisi
0;43.4623,42.5753;3600;;Ts’ola
0;44.6566,41.7615;3300;;Ts’odoreti
116;40.0922,43.4961;2700;;Tsodnisk’ari
0;46.3054,41.8013;2700;;Mats’imi
4767;45.9790,41.6180;4200;;Tsnori
0;43.0663,41.6749;0800;;Ts’nisi
0;43.4558,42.5874;3600;;Ts’mendauri
0;42.9459,41.6768;0800;;Ts’q’ruti
0;43.0654,41.5694;0800;;Ts’q’ordza
0;42.8945,42.4046;4300;;Ts’q’nori
0;44.7098,42.3338;1800;;Tskhvedieti
57;44.9284,41.8833;3300;;Tskhvarich’amia
0;42.5761,42.4004;5400;;Tskhunk’uri
0;42.4706,42.8396;2900;;Tskhumaldi
0;42.7739,42.5564;5100;;Tskhuk’usheri
0;43.2733,42.2360;5500;;Tskhruk’veti
0;43.0317,42.0935;2000;;Tskhrats’q’aro
0;43.5807,41.9775;5700;;Tskhramukha
0;41.9283,41.8464;6200;;Tskhrapona
0;43.3749,42.3955;4000;;Tskhomareti
0;42.0529,41.6386;6100;;Tskhmorisi
0;43.4900,42.5368;3600;;Tskhmori
0;42.8382,42.1469;2000;;Tskhentaro
0;41.9144,41.5962;6100;;Tskhemna
0;42.0792,41.9293;3500;;Tskhemliskhidi
0;42.1650,41.6893;6300;;Tskhemlisi
0;43.5124,42.2915;4000;;Tskhami
0;44.5369,42.4802;1800;;Ts’k’ere
0;42.1722,42.2631;0200;;Ts’q’emi
0;41.8892,41.8528;6200;;Ts’q’avrok’a
0;42.8671,41.5828;0800;;Ts’q’altbila
0;43.3703,42.2118;5500;;Ts’q’alshavi
0;43.0707,42.0348;5600;;Ts’q’alaporeti
0;43.1619,42.4590;0400;;Ts’k’adisi
0;43.3959,42.1103;5600;;Tsitskiuri
0;45.8631,41.9049;4800;;Ts’its’k’anaantseri
0;44.5898,42.0343;1800;;Ts’its’amura
0;44.7318,41.8599;3300;;Ts’its’amuri
0;44.1347,42.1024;1400;;Tsitsagiantk’ari
0;43.7414,41.7596;1800;;Ts’itelsopeli
0;46.0930,41.4745;4200;;Khornabuji
0;46.6673,41.3229;1600;;Sabatlo
0;43.2791,42.3400;5500;;Ts’irkvali
0;42.9658,41.6859;0800;;Ts’ira
0;42.2305,41.9552;4900;;Ts’ipnagvara
0;42.7635,42.7271;2900;;Ts’iplak’ak’ia
0;43.2261,42.0454;5600;;Ts’ipi
0;42.7013,42.6033;5100;;Ts’iperchi
1274;45.0117,41.7014;0800,0900;;Ts’inubani
0;44.6196,41.5415;2300,5300;;Ts’ints’q’aro
0;42.3660,41.7103;6500;;Ts’ints’k’alashvilebi
0;41.7036,41.6425;6400;;Ts’insvla
0;44.6593,42.4036;1800;;Ts’ink’obani
0;44.9654,42.5729;1800;;Ts’inkhadu
0;42.1450,41.6105;6300;;Tsinareti
0;44.4494,41.8361;2600;;Ts’inarekhi
2675;45.5713,41.8931;2200;;Ts’inandali
0;44.7490,42.3872;1800;;Ts’inamkhari
0;44.8161,41.9205;3300;;Ts’inamdzghvriantk’ari
0;42.3144,42.4076;3100;;Ts’inak’verk’ve
0;42.2321,42.1635;0200;;Tsilori
0;44.6579,41.9498;3300;;Ts’ilk’ani
0;41.9413,41.9576;3500;;Tsikhisperdi
1500;41.7552,41.7666;1800,3300,6200,5600;;Tsikhisdziri
0;43.4428,41.7186;1200;;Tsikhisjvari
0;42.8540,42.3591;4300;;Tsikhia
0;44.6454,41.9913;1800;;Tsikhevdavi
0;44.5617,42.1072;1800;;Tsigriantk’ari
0;44.8331,42.2337;1800;;Ts’iprani
0;42.4069,42.0472;3900;;Ts’iaghubani
0;44.6827,41.8757;3300;;Ts’erovani
0;44.6565,41.2957;3000;;Ts’erakvi
0;43.4621,41.7990;1200;;Tsemi
0;42.3973,41.5003;6300;;Ts’elati
0;42.1693,41.6960;6300;;Tsek’va
0;43.5699,42.0663;5700;;Tsedani
0;44.6345,42.7004;4700;;Tsdo
0;43.3528,42.2576;5500;;Ts’asri
0;42.8140,41.6228;0300;;Ts’arbastumani
0;42.6773,42.7938;2900;;Ts’anashi
0;43.1470,42.8811;2900;;Tsana
0;44.9184,41.9964;2500;;Tsalughelaantk’ari
3900;44.0911,41.5982;5300;;Tsalka
2938;42.0669,42.6086;5200;;Tsalenjikha
0;42.8592,43.0444;3200;;Tsaldashi
0;44.8192,41.6306;0114;;Ts’alasq’uri
0;42.5114,43.0414;3200;;Tsalanari
0;43.4213,42.0890;5600;;Ts’akva
0;42.8776,41.7045;0300;;Ts’akhants’q’aro
0;42.9254,42.5222;0400;;Tsakhi
0;42.8692,41.7045;0300;;Ts’akhani
0;41.8033,42.4325;2100;;Tsaishi
627;43.4819,41.8036;1200;;Tsaghveri
1014;42.7691,42.6453;5100;;Tsageri
0;45.0081,42.4269;1800;;Tsabaurta
698;44.1083,41.5427;5300;;Trialeti
0;44.9711,41.9372;2500;;Trani
7957;42.9977,42.3478;4300;;Tqibuli
0;44.5927,42.6285;4700;;Toti
0;42.0434,42.8850;3200;;Totani
0;41.7817,42.3673;5800;;Torsa
491;43.5744,41.3691;3400;;Toria
0;44.7579,42.4146;1800;;Torelaani
0;43.2602,41.4811;0500;;T’oloshi
0;44.9223,42.0062;2500;;Tolenji
0;42.2370,42.0731;3900;;T’olebi
0;43.3754,41.4941;0500;;Tok’i
0;45.4222,41.7282;3800;;Tokhliauri
0;42.1960,42.9631;3200;;T’obari
0;42.4471,42.0749;1900;;T’obanieri
0;43.3284,41.4040;0500;;Tmogvi
0;44.0687,42.1581;1400;;T’q’viavi
0;43.7037,42.0936;5700;;T’k’otsa
0;44.2090,41.2500;1700;;T’q’isp’iri
0;41.8756,41.9639;3500;;Tkhinvali
357;44.6949,41.7432;3300;;Tkhinvala
0;42.5192,41.5500;6500;;Kveda Tkhilvana
0;43.0160,42.2675;2400;;Tkhiltats’q’aro
0;44.5814,42.1036;1800;;Tkhilovani
0;41.6513,41.5636;6400;;Tkhilnari
0;43.1681,41.7027;0800;;T’q’emlana
0;42.5467,42.0503;1900;;T’q’elvani
0;41.9191,42.6154;2100;;T’q’aia
0;44.5751,42.6080;4700;;T’q’arshet’i
0;42.6320,42.1391;5400;;T’q’achiri
0;45.9604,41.9087;4800;;Tivi
0;42.1856,43.0927;3200;;T’it’a
0;43.2205,41.7156;0800;;Tiseli
0;44.0433,42.1778;1400;;T’irdznisi
0;43.9690,41.5926;5300;;Gantiadi
0;46.0023,41.5740;4200;;T’ibaani
3549;44.9678,42.1099;2500;;Tianeti
0;44.5048,41.9819;2600;;Tezi
0;44.9539,41.8825;3300;;Tezami
5041;44.4618,41.5438;2300;;Tetritsqaro
0;45.3246,41.8639;2200;;Tetrits’q’lebi
0;44.9465,42.0974;2500;;Tetrakheva
4888;42.9776,42.1806;2400;;Terjola
0;44.3176,42.6572;4700;;T’epi
59;44.6869,41.8060;3300;;Telovani
0;43.0126,42.1992;2400;;T’elepa
19875;45.4700,41.9196;2200;;Telavi
0;46.1437,41.8051;2700;;Tela
0;42.0202,42.2584;4100;;Tek’lati
0;42.8704,42.8433;2900;;Tek’ali
0;44.9813,42.0925;2500;;Tegeraanebi
0;44.3253,41.8824;2600;;Tedzmiskhevi
0;44.0932,41.6951;5300;;Tejisi
0;44.5385,41.5910;2300;;T’bisi
0;43.4466,41.7998;1200;;T’ba
0;45.0512,41.5064;1300,3000;;Tazakendi
0;42.4252,43.0677;3200;;Tavrali
0;42.3445,41.9439;4900;;Tavp’ant’a
0;43.0836,42.2786;2400;;Tavasa
0;42.9854,41.7015;0800;;T’at’anisi
0;43.8549,42.0119;4500;;Tatanaantubani
0;44.6583,41.4464;1100;;Mukhrana
0;43.5079,41.9485;5700;;T’ashisk’ari
0;42.2806,42.4405;3100;;Targameuli
0;44.7013,42.0974;1800;;Taniantk’ari
0;44.3650,41.4506;1100;;T’andzia
0;43.8034,41.4804;3400;;T’ambovk’a
800;44.7439,41.4376;3000;;Tamarisi
0;46.1674,41.7492;2700;;Tamariani
0;43.9604,42.2704;1400,4500;;Tamarasheni
0;42.3010,42.4565;3100;;Tamak’oni
0;42.3132,42.5455;3100;;T’aleri
0;44.9655,41.3538;3000;;Takalo
0;42.1337,41.6564;6100,6300;;T’ak’idzeebi
0;43.5816,41.3874;0700;;Takhcha
0;42.2148,42.6096;5000;;Taia
0;43.5954,41.9608;5700;;Tagveti
0;42.3165,41.6225;6500;;Tago
0;43.2769,41.7344;1200;;T’adzrisi
0;42.8905,42.6035;5100;;Tabori
0;43.6203,41.6639;1200;;T’abats’q’uri
0;44.5767,41.7654;3300;;T’abaruk’i
0;41.8088,42.0489;2800;;T’abanati
0;43.0407,42.0563;2000;;T’abak’ini
2073;44.7570,41.6516;6500;;T’abakhmela
0;43.2731,42.3294;5500;;Tabagrebi
0;46.2061,41.7936;2700;;Davitiani
0;42.9920,41.7094;2000,0800;;Sviri
0;42.5019,43.0598;3200;;Svipi
0;46.1608,41.7646;2700;;Svideba
0;44.5303,42.4561;1800;;Sviana-Rost’iani
0;43.2982,42.2248;1400,5500;;Sveri
0;44.1427,42.0253;1400;;Sveneti
0;42.8688,42.5893;5100;;Surmushi
6973;43.5556,42.0243;5700;;Surami
273;41.8127,42.0424;2800;;Supsa
0;42.5729,42.0217;1900;;Sulori
0;43.3736,41.2785;0700;;Sulda
0;42.4742,42.4181;5900;;Sukhcha
0;42.1473,42.1991;0200;;Sujuna
0;44.8204,42.2080;1800;;Sts’ropavi
0;43.5226,42.3212;4000;;Sp’eti
0;42.8267,42.6129;5100;;Sp’atagori
0;43.6608,41.2497;3400;;Sp’asovk’a
0;42.7332,42.3256;5400;;Sormoni
0;43.2944,42.5682;3600;;Sori
0;44.7625,42.2042;1800;;Sondisvela
0;44.6629,42.2529;1800;;Sonda
0;44.5578,42.4634;1800;;Soncho
0;43.4446,42.5675;3600;;Somits’o
0;42.6759,43.0303;3200;;Soli
0;44.6228,42.3149;1800;;Sodeve
0;42.9136,42.3908;4300;;Sochkheti
0;44.6400,42.6076;4700;;Sno
0;42.4892,41.5472;6500;;Sk’vana
0;42.3703,42.4770;3100;;Sk’urdi
0;41.9261,41.8583;6200;;Sk’ura
0;44.0136,41.9944;1400;;Sk’ra
0;43.2492,42.2414;5500;;Sk’indori
0;43.4268,42.3561;4000;;Skhvit’ori
0;43.2159,41.9735;5600;;Skhliti
0;42.2031,41.6369;6300;;Skhepi
0;43.1667,42.4500;0400;;Skhart’ali
0;44.6655,41.8709;3300;;Skhalt’ba
0;42.3328,41.5845;6500;;Q’inchauri
0;43.0449,42.2639;2400;;Sk’ande
0;44.8929,41.9630;2500;;Siontgori
0;43.6261,42.3948;4000;;Sinaguri
0;44.9094,42.0022;2500;;Simoniantkhevi
0;41.6900,41.5464;6400;;Simoneti
0;42.0159,41.5801;6100;;Silibauri
0;42.0018,41.9948;3500;;Silauri
0;42.9371,42.1881;2400;;Siktarva
1407;45.9223,41.6192;4200;;Sighnaghi
0;44.7999,42.4612;1800;;Sijanani
0;42.6244,43.0240;3200;;Sidianari
0;44.8352,41.3728;3000;;Shaumiani
0;43.3262,42.2770;5500;;Shukruti
0;42.8250,42.3464;4300;;Shuq’eri
0;42.4104,41.9699;4900;;Shua Surebi
0;42.4524,41.6426;6500;;Shuasopeli
0;44.9994,42.4122;1800;;Shuapkho
0;42.2072,42.0239;4900;;Shua Partskhma
0;42.0933,42.2703;4100;;Shua Nosiri
0;42.4568,42.1011;1900;;Shuamta
0;42.9994,42.0812;2000;;Shua K’valiti
566;42.1861,41.6257;6300;;Shuakhevi
0;45.3253,42.1378;0900;;Shua Khalats’ani
0;42.4744,42.2604;5900;;Shua Gubi
0;42.6921,42.0784;1900;;Gora
0;41.7756,41.7503;6200;;Shuaghele
0;42.2111,42.0359;4900;;Shua Amaghleba
0;42.7128,42.5767;5100;;Shua Aghvi
0;42.8299,42.8472;2900;;Sht’vili
0;45.5906,42.3412;0900;;Sht’rolta
100;41.0321,43.0833;2700,3500;;Shroma
1971;43.0825,42.0960;2000;;Shorapani
0;43.4197,42.2158;4000;;Shomakheti
0;42.7808,41.7032;0300;;Shoq’a
0;43.4181,42.4948;3600;;Shkmeri
0;43.2086,42.4536;0400;;Shkhivana
0;43.0657,42.7862;2900;;Shk’edi
0;42.6183,43.0176;3200;;Shq’aleri
0;44.1943,41.6117;5300;;Chrdilisubani
0;44.2231,41.3541;1700;;Shindlari
1722;44.7675,41.6646;1400;;Shindisi
0;45.7252,42.0052;4800;;Shilda
0;44.3816,41.4977;2300;;Shikhilo
0;45.6201,41.6688;3800;;Shibliani
0;44.4730,42.5829;4700;;Shevardeni
0;43.4393,42.5958;3600;;Sheubani
0;44.0402,42.1216;1400;;Shertuli
0;45.6623,42.3734;0900;;Shenako
1322;42.0669,41.9096;3500;;Shemokmedi
0;41.7694,41.9292;3500;;Shek’vetili
0;44.3116,41.6995;2300;;Shekhvet’ila
0;42.3759,43.0452;3200;;Shdikhiri
0;44.2269,42.0221;1400;;Shavshvebi
0;44.6698,41.5624;2300;;Shavsaq’dari
3107;44.7645,41.3513;3000;;Shaumiani
30;45.1563,42.6588;1800;;Shat’ili
0;45.6778,41.8293;1500;;Shashiani
0;44.5214,42.4528;1800;;Sharmiani
0;43.3185,42.5591;3600;;Shardometi
0;44.8024,41.8870;3300;;Shank’evani
0;44.4961,41.7173;2300;;Shamta
0;41.7880,42.5266;2100;;Shamgona
0;44.6997,42.1486;1800;;Shalik’iantk’ari
0;45.5817,42.0169;4800;;Shakriani
0;45.1051,42.0721;0900;;Shakhvet’ila
0;44.1356,41.3391;1700;;Shakhmarlo
0;42.1821,43.0603;3200;;Sgurishi
0;44.4973,42.4506;1800,4700;;Seturni
0;45.3212,41.8553;2200;;Serodani
0;42.3329,42.3933;3100;;Sergieti
0;43.3000,41.9500;5600;;Serbaisi
0;42.2430,42.2805;0200;;Sepieti
0;44.5702,42.4271;1800;;Sepe
0;44.4124,41.4697;1100;;Senebi
14991;42.0633,42.2708;4100;;Senaki
0;43.0637,42.2152;2400;;Zeda Sazano
0;43.4730,42.3137;4000;;Savane
0;45.0660,41.7994;1300;;Satskhenisi
0;44.8228,42.0756;1800;;Satskhavat’lo
0;45.5461,42.4812;5900;;Sats’iskvilo
0;43.1776,42.1515;2000;;Sats’able
1516;43.6566,41.2871;3400;;Satkhe
0;44.5560,41.8410;3300;;Saskhori
0;44.3042,41.9232;2600,4500;;Sasireti
0;42.0889,42.3658;4100;;Sashurghaio
0;44.8987,42.2429;1800;;Sashevardno
0;44.7227,42.0397;1800;;Sashaburo
0;42.9878,42.7946;2900;;Sasashi
0;43.6451,41.9444;5700;;Sart’q’ela
6009;45.1757,41.7179;1300;;Sartich’ala
826;41.5519,41.5214;6400;;Sarpi
0;43.2829,41.5057;0500;;Saro
0;43.5105,41.9439;5700;;Sarmanishvilisk’ari
0;44.1283,41.4964;1700;;Sark’ineti
0;43.2319,42.0640;5600;;Sargveshi
0;43.3642,42.3413;4000;;Sarek’i
0;42.7205,42.1985;2400;;Sarbevi
0;42.0673,42.5069;5000;;Sarakoni
0;44.7204,41.3843;1100;;Mamkhut’i
0;42.6664,42.0346;1900;;Sap’rasia
0;42.1408,42.2519;4100;;Sabeselio
0;42.7511,42.5853;5100;;Sanorchi
0;45.4911,42.0496;2200;;Saniore
0;43.8325,41.9924;4500;;Sanebeli
0;45.8273,41.9013;4800;;Sanavardo
0;43.1187,42.1211;2000;;Sanakhshire
0;42.3078,42.5732;3100;;Sanach’q’ebio
0;44.5098,41.3528;1100;;Samts’evrisi
20633;42.3352,42.1537;3900;;Samtredia
677;44.4100,42.0076;2600;;Samtavisi
0;46.4381,41.4384;1600;;Samtats’q’aro
0;44.4896,41.5150;2300;;Samshvilde
0;42.1320,41.5911;6300;;Samoleti
0;42.3000,42.2653;0200;;Samikao
0;44.4115,41.5076;2300;;Samghereti
122;40.0584,43.4956;1900,3100;;Salkhino
0;43.2162,42.2642;5500;;Salieti
0;41.6749,41.6452;6400;;Salibauri
0;45.3308,41.8800;2200;;Salebeli
0;44.0437,41.4527;1700;;Salamaleiki
0;44.6228,42.4169;1800;;Salajuri
0;43.1311,41.6880;0800;;Saq’uneti
1869;42.5538,42.1367;5400;;Saq’ulia
0;43.2045,41.5763;0500;;Saq’udabeli
0;44.9396,42.1547;2500;;Sak’rech’io
0;42.9806,42.0293;1000;;Sak’raula
0;44.7075,42.0120;1800;;Sak’ramulo
0;44.3786,42.0464;2600;;Sak’orintlo
0;43.4987,42.3286;4000;;Sak’okhia
0;45.2483,42.1164;0900;;Sak’obiano
0;43.0896,42.5284;0400;;Sak’etsia
0;44.8010,42.4794;1800;;Sak’erp’o
0;44.9575,41.9755;2500;;Saq’drioni
0;42.8222,42.8424;2900;;Saq’dari
0;43.3028,42.1133;5600;;Sakasria
0;43.9701,42.0927;1400;;Sakasheti
0;43.1449,42.0328;5600;;Sakarikedi
0;43.4507,42.6320;3600;;Sak’ao
0;44.5695,41.8813;2600;;Sakadagiano
0;42.7473,41.9049;1000,0300,5100;;Sairme
0;41.8740,42.2094;5800;;Sagvich’io
0;44.7633,41.9006;3300;;Saguramo
0;42.8449,41.7164;0300;;Saghrdze
0;43.8886,42.0653;4500;;Sagholasheni
10166;45.3260,41.7369;3800;;Sagarejo
0;44.5833,41.5815;2300;;Saghrasheni
0;43.2338,41.9971;5600;;Saghandzile
153;43.7614,41.3133;3400;;Saghamo
0;44.3023,41.3018;1700;;Saparlo
658;42.2932,42.1034;3900;;Sajavakho
0;44.1928,41.4362;1700;;Saja
0;42.9453,41.6225;0800;;Sadzeli
0;43.1121,42.5437;0400;;Sadmeli
0;43.4144,41.8090;1200;;Sadgeri
7337;44.7891,41.2402;3000;;Sadakhlo
5235;43.4057,42.3359;4000;;Sachkhere
0;44.8044,42.4536;1800;;Sachalisch’ala
0;45.2528,42.0028;0900;;Sachale
0;43.2519,42.0437;5600;;Sabe
0;41.7989,42.2192;5800;;Sabazho
0;43.4209,41.8705;1200;;Rveli
128249;44.9787,41.5627;0500,3700;;Rustavi
0;45.2319,41.8752;3800;;Rusiani
0;43.5285,41.9982;5700;;Rusaantubani
0;43.0185,42.2194;2400;;Rupoti
0;41.8576,42.5485;2100;;Rukhi
0;45.4166,41.9486;2200;;Ruisp’iri
0;43.9596,42.0356;4500;;Ruisi
0;42.7683,42.6830;2900;;Rtskhmeluri
0;43.1357,42.3225;5500;;Rtskhilati
0;42.6444,42.0326;1900;;Romaneti
0;42.7885,42.1146;1000;;Rok’iti
0;42.7120,42.1066;1000;;Rokhi
277;43.8501,41.4514;3400;;Rodionovk’a
0;42.7117,42.3378;5400;;Rioni
0;42.4428,41.6432;6500;;Riq’eti
0;41.9031,42.5897;2100;;Riq’e
0;43.2417,42.3225;5500;;Rgani
0;44.3013,42.6624;4700;;Resi
0;43.5655,41.9578;5700;;Rbona
0;44.5107,41.4559;1100;;Rat’evani
0;42.4800,41.5700;6500;;Rakvta
10177;45.8172,41.9549;4800;;Kvareli
0;43.2797,42.5127;0400;;Put’ieti
0;43.0945,42.0701;2000;;Puti
0;44.8455,42.1469;1800;;Pudznari
0;43.7871,42.0844;4500;;Ptsa
0;43.4201,41.4570;0700;;P’t’ena
0;43.5071,42.5234;3600;;Psori
0;45.4425,42.0839;2200;;Pshaveli
0;44.7324,42.1279;1800;;Pridonaantk’ari
0;42.1705,42.4296;4100;;Potskho
41175;41.6738,42.1427;4400;;Poti
0;46.1008,41.8639;2700,5600;;Zemo Pona
0;43.7925,41.3965;3400;;Pok’a
0;46.0356,41.8013;2700;;Podaani
0;44.1133,42.1697;1400;;Plavi
0;42.6705,41.6930;0300;;Plat’e
0;43.9895,42.1568;1400;;Pkhvenisi
0;42.5132,43.0447;3200;;Pkhut’reri
0;44.7134,42.1478;1800;;Pkhundavi
0;44.5621,42.6007;4700;;Pkhelshe
0;44.2128,41.8425;1400;;Pitsesi
0;42.5544,42.3203;5400;;P’irveli Ts’q’alt’ubo
0;42.9835,42.5738;0400;;P’irveli T’ola
0;45.0327,41.3963;3000;;P’irveli Kesalo
0;42.2680,42.4735;3100;;P’irveli Gurdzemi
0;42.1973,42.5719;5000;;P’irveli Ch’ogha
0;42.3949,42.4843;3100;;P’irveli Balda
0;43.4767,42.5642;3600;;P’ip’ileti
0;45.3265,42.0932;0900;;Pichkhovani
0;44.5633,42.0846;1800;;P’et’riani
0;42.7944,42.0914;1000;;Persati
0;43.0733,41.7136;0800;;Persa
0;43.2990,42.2630;5500;;P’erevisa
0;43.6020,42.3734;4000;;P’erevi
0;42.7114,42.0649;1900;;Pereta
0;44.6835,42.2000;1800;;P’avleuri
0;45.2433,41.7465;3800;;P’at’ardzeuli
0;42.3445,42.4994;3100;;P’at’ara Zhinota
0;44.4579,41.6620;2300;;P’at’ara Toneti
0;43.6748,41.9574;5700;;P’at’ara Tkhinala
0;42.3771,42.4854;3100;;P’at’ara Tamak’oni
0;42.7563,41.6749;0300;;P’at’ara Smada
0;43.6898,42.0201;5700;;P’at’ara Sat’ive
0;43.5981,41.5503;0700;;P’at’ara Samsari
0;41.7181,42.1906;5800;;P’at’ara Poti
0;43.6945,42.0842;5700;;P’at’ara Plevi
0;42.9166,41.6126;0800;;P’at’ara P’amaji
0;42.9808,42.5329;0400;;P’at’ara Oni
0;42.2926,42.5414;3100;;P’at’ara Oche
0;44.7369,41.4713;1100;;Parizi
0;43.5645,41.7837;1200;;P’at’ara Mit’arbi
0;42.4454,42.3106;5900;;P’at’ara K’ukhi
0;43.5322,41.2439;3400;;P’at’ara Khanchali
0;43.6369,41.9572;5700;;P’at’ara Khalebi
0;43.7480,41.9768;5700;;P’at’ara Q’eleti
0;44.5894,41.9155;3300;;P’at’ara Kanda
0;42.4023,42.4532;3100;;P’at’ara Inchkhuri
0;42.4739,42.2533;5900;;P’at’ara Gubi
0;46.1494,41.8281;2700;;P’at’ara Gori
0;42.4003,42.2740;5900;;P’at’ara Jikhaishi
0;44.7189,41.5287;2300;;P’at’ara Durnuk’i
0;44.3427,41.3306;1700;;P’at’ara Dmanisi
0;45.5172,41.7165;3800;;P’at’ara Chailuri
0;43.5562,42.0051;5700;;P’at’ara Bek’ami
0;43.6671,41.3134;3400;;P’at’ara Arakali
1084;44.6891,42.3506;1800;;Pasanauri
0;43.1701,41.9996;5600;;Partskhnali
0;44.5648,41.5768;2300;;Partskhisi
0;42.4931,43.0523;3200;;Pari
0;43.3373,42.5551;3600;;Parakheti
0;42.2999,41.5675;6300;;P’ap’oshvilebi
0;44.6190,42.6353;4700;;Panshet’i
0;42.9344,42.8309;2900;;Panaga
0;42.1217,41.9311;3500;;Pampaleti
0;42.3704,41.6457;6500;;P’aksadzeebi
0;42.6859,42.8010;2900;;Paq’i
0;44.7836,42.4406;1800;;Pakhviji
0;41.9628,42.6550;5200;;Pakhulani
13935;42.0052,41.9234;3500;;Ozurgeti
0;43.8640,41.6317;5300;;Ozni
0;45.3759,41.9795;0900;;Ozhio
0;45.9995,41.5507;1600;;Ozaani
0;45.1408,41.8561;3800;;Otaraani
0;43.3016,41.6201;0500;;Ota
0;45.2455,41.9816;5700,0900;;Osiauri
0;43.2456,41.6195;0500;;Oshora
1200;41.6738,42.4678;2100;;Orsant’ia
0;43.9477,41.8612;1400;;Ormotsi
0;41.8575,42.0098;2800,3500;;Ormeti
0;44.2265,41.4050;1700;;Ormasheni
0;43.6525,41.2192;3400;;Orlovk’a
0;42.8101,42.5070;5100;;Orkhvi
0;45.0327,41.9654;2500;;Orkhevi
0;42.2428,42.3049;3100;;Orka
0;43.1915,41.5790;0500;;Orgora
0;41.9709,42.5053;2100;;Q’ulishk’ari
763;43.6197,41.3001;3400;;Orojalari
0;43.4702,41.4772;0700;;Orja
0;44.5264,41.6676;2300;;Orbeti
0;42.8299,42.6344;5100;;Orbeli
0;42.9274,41.6063;0800;;Orali
0;42.0049,42.0483;2800;;Oragve
0;42.6983,42.3552;5400;;Opurchkheti
0;42.6041,42.1472;5400;;Opshk’viti
0;44.6321,41.2517;3000;;Opreti
0;42.3626,42.0705;3900;;Didi Opeti
0;42.3167,42.3244;3100;;Onoghia
2480;43.4436,42.5845;3600;;Oni
0;42.5027,42.0322;1900;;Onjokheti
0;43.5004,42.5647;3600;;Onch’evi
0;45.9912,41.8096;2700;;Onanauri
0;41.8174,42.0185;2800;;Ompareti
0;45.1256,41.9271;2500;;Omaraani
0;45.3215,42.1834;0900;;Omalo
0;44.0297,41.9361;1400;;Olozi
0;43.8728,41.6114;5300;;Berta
0;43.5602,41.4626;0700;;Olaverdi
0;42.2914,41.5617;6300;;Oladauri
0;42.6756,42.5409;5100;;Oq’ureshi
0;42.3205,41.6584;6500;;Okruashvilebi
0;42.1268,41.9522;3500;;Okroskedi
0;42.1807,41.6217;6300;;Okrop’ilauri
0;42.9614,42.2499;2400;;Okona
0;42.8270,42.3049;4300;;Okhomira
0;44.8956,42.5119;1800;;Okherkhevi
0;42.7893,42.3882;4300;;Ojola
0;42.7338,42.2238;2400;;Odilauri
0;42.3913,42.2045;3900;;Och’opa
0;42.1069,42.4744;5000;;Ochkhamuri
0;42.3125,42.5245;3100;;Oche
0;42.0305,42.5510;5200;;Obuji
0;43.4166,41.9500;5600;;Nunisi
0;45.8894,41.6126;4200;;Nuk’riani
0;44.3753,41.8507;2600;;Nost’e
0;42.1182,42.2607;4100;;Nosiri
0;44.4748,42.5755;4700;;Nogq’au
0;44.8494,42.0450;1800;;Noja
0;42.4183,43.0555;3200;;Nodashi
0;42.3144,42.5611;3100;;Nobulevi
0;44.4650,42.5861;4700;;Kvemo Okroq’ana
0;42.3394,42.2139;3900;;Ninuak’utkhe
3844;43.5896,41.2670;3400,3800;;Ninotsminda
0;41.9400,42.0371;2800;;Ninoshvili
0;46.2091,41.8306;2700;;Ninigori
0;43.0918,42.4619;0400;;Nik’orts’minda
0;43.4657,42.2144;4000;;Nigvzara
0;43.3382,42.2238;5500;;Nigozeti
0;44.3281,42.0089;2600;;Nigoza
0;42.3325,42.0866;3900;;Nigorzghva
0;42.2385,41.6431;6300;;Nigazeuli
0;43.5269,42.6260;3600;;Nigavzebi
0;44.3692,41.9116;2600;;Niabi
0;42.0055,41.8643;3500;;Niabauri
0;42.7002,43.0401;3200;;Nesguni
0;42.8228,42.0535;1000;;Nergeeti
0;42.2146,41.6214;6300;;Nenia
0;44.7935,42.1847;1800;;Nedzikhi
0;43.3745,41.9900;5600;;Nebodziri
0;45.1110,41.4211;1300;;Nazarlo
0;44.3112,41.5226;2300;;Navtiani
0;44.8177,41.9051;3300;;Navdaraantk’ari
0;43.2439,42.2781;5500;;Navardzeti
0;41.8832,42.5499;2100;;Nats’uluk’u
0;43.0972,42.7862;2900;;Natsuli
0;46.1225,41.7939;2700;;Nats’iskvilari
0;43.7261,42.0731;5700;;Natsargora
0;42.6076,43.0642;3200;;Nashtkoli
0;45.5423,41.9181;2200;;Nasamkhrali
0;43.8938,41.5783;5300;;Nardevani
0;44.2504,41.7158;2300;;Nap’ilnari
0;42.2302,42.5973;5000;;Napichkhovo
0;45.5050,42.0500;2200;;Napareuli
0;42.8636,41.5966;0800;;Naokhrebi
0;42.6170,41.7273;0300;;Naminauri
0;41.8194,41.5508;6100;;Namlisevi
0;43.0088,42.4982;0400;;Namanevi
0;42.6966,42.4219;5400;;Namokhvani
0;42.3671,42.4350;3100;;Nalepsao
0;42.8192,41.7041;0300;;Nakurdevi
0;42.7483,42.5519;5100;;Nak’uraleshi
0;43.5047,42.6141;3600;;Nak’ieti
0;42.0892,42.5691;5200;;Nak’ipu
0;42.8190,43.0099;3200;;Nak’ipari
0;42.1951,42.5273;5000;;Nak’iani
0;42.8177,42.2182;2400;;Nakhshirghele
0;42.4315,42.3566;5900;;Nakhakhulevi
0;43.3355,41.4151;0500;;Nakalakevi
0;42.3224,42.0259;4900;;Nak’aduli
0;42.0871,42.5259;5000;;Nagvazu
0;42.1047,41.9982;3500;;Nagomari
0;41.8667,41.9422;3500;;Naghobilevi
0;44.7199,42.0448;1800;;Nagliantk’ari
0;42.8085,42.2576;2400;;Nagarevi
0;42.8426,42.3706;4300;;Nadzva
0;45.1098,42.0598;0900;;Naduknari
0;44.8912,41.9755;2500;;Nadok’ra
0;45.3185,41.8693;2200;;Nadik’vari
0;44.6082,42.4136;1800;;Nadibaani
0;43.7275,41.9872;1400,5700;;Nadarbazevi
0;42.7923,42.3113;4300;;Naboslevi
0;42.3587,41.9443;4900;;Nabeghlavi
0;43.6652,42.0657;5700;;Nabakht’evi
0;42.1600,41.9798;3500;;Mziani
0;43.5110,41.7948;1200;;Mzetamze
0;43.3391,41.2870;0700;;Miasnik’iani
0;41.9863,42.7167;5200;;Muzhava
0;45.2048,42.6098;1800;;Mutso
0;44.3969,41.4354;1100;;Potskhveriani
0;43.0746,41.5790;0800;;Muskhi
0;44.4610,41.4140;1100;;Mushevani
0;42.7934,43.0558;3200;;Murshk’eli
0;43.0000,42.9135;3200;;Murq’meli
0;43.4734,41.3605;0700;;Murjakheti
0;45.0497,42.4214;1800;;Muko
0;42.2463,42.3168;3100;;Mukhurcha
0;43.1068,42.3251;4300;;Mukhura
0;45.1444,41.7811;1300;;Mukhrovani
0;44.8095,41.6368;0114;;Mukhranteleti
0;44.5748,41.9330;3300;;Mukhrani
0;43.2363,42.5398;0400;;Mukhli
0;44.7663,41.5808;2300;;Mukhati
0;44.7331,41.8236;3300;;Mukhatgverdi
0;41.8664,41.8419;6200;;Mukhaest’at’e
0;44.6709,42.2816;1800;;Muguda
0;43.0842,41.6989;0800;;Mugareti
0;45.1601,41.7319;1300;;Mughanlo
0;44.3231,41.2130;1700;;Guguti
0;43.0668,42.2711;2400;;Mujireti
7380;44.7188,41.8451;3300;;Mtskheta
0;44.8175,42.0237;1800;;Mts’iturebi
0;42.1551,41.9366;3500;;Mtisp’iri
0;42.3798,42.0609;3900;;Mt’erchveuli
0;44.6307,41.7397;3300;;Mskhaldidi
0;46.1255,41.7634;2700;;Mshvidobiani
0;44.9319,42.4364;1800;;Mots’mao
0;42.7553,42.2881;4300;;Mots’ameta
0;43.0951,42.5007;0400;;Mot’q’iari
0;43.2151,42.2438;5500;;Mordzgveti
0;42.1292,41.5880;6300;;Moprineti
0;44.7563,41.2326;3000;;Molaoghli
0;43.3276,42.4063;4000;;Mokhva
0;43.3155,42.3556;5500;;Mokhorotubani
0;42.5988,41.7119;0300;;Mokhe
0;43.4211,42.2640;4000;;Modzvi
0;43.7022,41.9832;5700;;Mits’obi
0;42.5348,42.2389;5400;;Mits’ats’iteli
0;42.3689,42.2037;3900;;Mits’abogira
0;46.1433,41.3833;1600;;Mirzaani
0;45.9926,41.8170;2700;;Mirsk’iseuli
0;43.0511,41.6304;0800;;Minadze
0;44.6675,41.9880;1800;;Milists’q’aro
0;41.8242,41.5442;6100;;Milisi
0;42.9586,41.6849;0800;;Mikelts’minda
0;44.5539,42.0797;1800;;Mikeliani
0;42.4546,42.0472;1900;;Mikeleponi
0;42.1086,42.6206;5200;;Mikava
0;44.8642,42.3243;1800;;Migriaulta
0;43.3004,42.3137;5500;;Mghvimevi
0;44.0232,41.7933;1400;;Mghebriani
0;42.2075,41.9639;4900;;Mets’ieti
1689;42.7237,43.0438;3200;;Mestia
0;42.3834,42.4984;3100;;Mesame Balda
0;42.0090,41.5854;6100;;Merisi
0;41.8929,41.9424;3500;;Meria
0;43.3205,42.2502;5500;;Merevi
0;44.0786,42.2233;1400;;Mereti
0;43.5534,41.5416;0700;;Merenia
0;43.4344,42.3061;4000;;Merjevi
0;43.0047,42.5776;0400;;Meore T’ola
0;42.1000,42.4333;5000;;Meore Lesich’ine
0;42.2368,42.4829;3100;;Meore K’its’ia
0;45.0270,41.3876;3000;;Meore Kesalo
0;42.2015,42.5505;5000;;Meore Ch’ogha
0;42.3945,42.4953;3100;;Meore Balda
0;44.6720,42.2394;1800;;Meneso
0;42.7362,42.7948;2900;;Melura
0;42.0271,41.9488;3500;;Melekeduri
0;43.0716,42.7955;2900;;Mele
0;42.3653,42.1871;3900;;Melauri
0;42.7556,42.4788;5400;;Mekvena
0;42.3913,41.7069;6500;;Mek’eidzeebi
0;43.3551,42.1578;5500;;Mechkheturi
0;42.7426,42.3615;5400;;Mechkheri
0;43.0027,42.7946;2900;;Mebetsi
0;44.6000,42.0182;1800;;Mch’adijvari
0;43.4274,42.6422;3600;;Mazhieti
500;42.6099,43.0737;3200;;Mazeri
0;42.7570,42.7367;2900;;Mazashi
0;45.0712,42.4424;1800;;Matura
0;42.2675,41.5602;6300;;Mats’q’valta
0;44.5464,41.5566;2300;;Mats’evani
0;42.4398,42.3853;5900;;Matkhoji
4451;45.1956,42.0780;0900;;Mat’ani
0;45.9371,41.6374;4200;;Mashnaari
0;44.3652,41.3497;1700;;Mashavera
3966;42.3789,42.4143;3100;;Martvili
0;43.1690,42.2198;2000;;Martskhena Rk’via
0;43.1014,42.1262;2000;;Mart’otubani
7397;45.0230,41.7873;1300;;Mart’q’opi
26400;44.7985,41.4876;3000;;Marneuli
0;45.3929,41.7460;3800;;Mariamjvari
0;43.0885,42.7903;2900;;Margvishi
0;43.2793,41.9611;5600;;Marelisi
0;43.1765,42.2127;2000;;Marjvena Rk’via
0;42.2790,42.1874;0200;;Maranch’ala
0;44.0595,42.1411;1400;;Marana
0;41.7114,41.5044;6400;;Maradidi
0;42.3854,41.6271;6500;;Maniak’eti
1673;44.3845,41.6970;2300;;Manglisi
0;42.8207,42.3636;4300;;Mandik’ori
0;43.3258,42.1818;5500;;Mandaeti
0;45.4663,41.7199;3800;;Manavi
0;43.5041,41.3048;3400;;Mamts’vara
0;44.1962,41.5045;1700;;Mamulo
0;44.8621,41.8325;3300;;Mamk’oda
0;44.2629,41.3010;1700;;Mamishlo
0;42.8786,42.8480;2900;;Mami
254;42.0360,42.0193;2800;;Mamati
0;44.9721,42.1524;2500;;Mamadaanebi
0;41.6600,41.5992;6400;;Makhvilauri
0;41.6707,41.5581;6400;;Makho
2736;41.6940,41.6739;6400;;Makhinjauri
0;42.2940,42.2995;3100;;Makhati
0;43.4639,42.2831;4000;;Makhatauri
0;42.3142,41.5501;6300;;Makhalak’idzeebi
0;43.2430,42.1198;5600;;Makatubani
0;42.3160,42.2878;0200;;Maidani
0;44.9872,41.9388;2500;;Magraneti
0;42.5610,42.2599;5400;;Maghlak’i
0;44.8671,42.2878;1800;;Magharosk’ari
0;42.5581,43.0048;3200;;Magardeli
0;42.0255,42.0742;2800;;Machkhvareti
0;43.1716,42.1106;2000;;Shrosha
0;41.7233,41.5246;6400;;Mach’akhlisp’iri
0;44.7838,42.3782;1800;;Lutkhubi
0;43.4837,41.5683;0700;;Lomat’urtskhi
0;42.2369,41.5803;6300;;Lomanauri
0;44.3885,41.2527;1700;;Lokch’andari
0;44.2012,41.6898;5300;;Livadi
0;44.6718,41.7567;3300;;Lisi
0;44.9751,42.1792;2500;;Lisho
0;43.2341,42.6076;0400;;Likheti
0;42.0067,41.8811;3500;;Likhauri
0;43.4076,41.8181;1200;;Libani
0;42.0044,42.6579;5200;;Lia
0;44.9867,41.3777;3000;;Lezhbadini
0;42.5478,43.0031;3200;;Lezgara
0;43.8534,41.8178;1400;;Levit’ana
0;42.2452,42.3444;3100;;Levakhane
0;42.8936,42.8385;2900;;Leusheri
0;42.1864,43.0205;3200;;Lets’peri
0;42.3859,42.3727;3100;;Letsitskhvaie
0;42.3728,42.5091;3100;;Letsave
0;42.3731,42.5220;3100;;Leskhulukhe
0;42.7982,42.6179;5100;;Lesindi
0;42.6187,43.0226;3200;;Leshuk’vi
0;41.9616,42.0822;2800;;Lesa
1020;42.7223,42.7889;2900;;Lentekhi
0;43.0328,42.7944;2900;;Lemzagori
0;42.6902,43.0351;3200;;Lemsia
0;44.9303,41.8647;3300;;Lelubani
0;44.5449,41.7790;3300;;Lelobi
0;45.9815,41.8200;2700;;Leliani
0;42.8148,42.4402;5400;;Lekhidristavi
0;43.2539,41.9653;2900,5600;;Leghvani
0;42.2201,42.4412;4100;;Legogie
0;42.1661,42.5993;5000;;Legakhare
0;42.2332,42.4028;4100;;Ledzadzame
0;42.2905,42.4935;3100;;Ledgebe
0;45.4164,42.1397;2200;;Lechuri
0;42.2153,42.5178;5000;;Leakhale
3225;41.9092,41.9125;3500;;Laituri
0;44.7587,42.1828;1800;;Lausha
0;42.8211,42.6193;5100;;Latsoria
0;42.7620,42.6162;5100;;Lasuriashi
0;42.7878,42.6291;5100;;Laskhana
0;42.6964,43.0339;3200;;Lashtkhveri
0;43.1564,42.0562;5600;;Lashis Igoreti
0;43.1769,42.0567;5600;;Lashe
0;42.1904,43.0396;3200;;Larilari
0;42.6916,42.5939;5100;;Larchvali
0;46.0844,41.8340;2700;;Lapniani
0;42.8454,42.3421;4300;;Lapeti
0;45.5942,42.0623;2200;;Lapanq’uri
0;44.8015,42.0097;1800;;Lapanaantk’ari
0;42.5137,43.0373;3200;;Lant’eli
6214;42.0361,42.0874;2800;;Lanchkhuti
0;44.6023,41.9961;1800;;Lamovani
0;44.4882,42.0116;2600;;Lamisq’ana
0;44.7433,41.9519;3300;;Lami
0;42.9226,42.9308;3200;;Lalkhorali
0;45.4208,42.0725;2200;;Lalisq’uri
0;42.1330,41.5973;6300;;Lak’lak’eti
0;42.6462,43.0061;3200;;Lakhushdi
0;42.8134,43.0548;3200;;Lakhiri
0;42.7814,42.5272;5100;;Lakhepa
0;42.4419,43.0509;3200;;Lakhamula
0;44.5842,42.4460;1800;;Lak’atkhevi
0;42.8601,42.6086;5100;;Lailashi
0;43.4635,42.6114;3600;;Lagvanta
5607;46.2749,41.8275;2700;;Lagodekhi
95;42.8401,42.6311;5100;;Lajana
0;43.4353,42.5897;3600;;Lachta
0;42.5746,42.9970;3200;;Labsq’aldi
0;44.5587,42.0387;1800;;Kvitk’irists’q’aro
0;42.6457,42.2470;5400;;Kvit’iri
0;43.5016,41.9676;5700;;Kvishkheti
0;42.9432,42.5549;0400;;Kvishari
0;42.2859,42.1147;0200;;Kvishanch’ala
0;42.0259,41.9162;3500;;K’virik’eti
0;42.6393,42.3644;5400;;Kvilishori
0;43.4199,41.8609;1200;;Q’vibisi
0;42.1746,42.0921;2800;;Kviani
0;42.2392,41.5575;6300;;K’viakhidzeebi
0;44.5578,42.4267;1800;;Kvesheti
0;42.1838,41.9817;4900;;Kvenobani
0;43.8197,42.0465;4500;;Kvenat’k’otsa
0;43.9542,41.9833;4500;;Kvenaplavi
0;43.1952,42.5403;0400;;Ts’esi
0;44.8598,41.6447;0114;;Kvemo Teleti
0;44.2343,42.0720;1400;;Kvemo Sobisi
0;42.0727,42.0753;2800;;Kvemo Shukhuti
0;44.5817,42.0296;1800;;Kvemo Shuakhevi
0;44.8267,41.3401;3000;;Kvemo Sarali
0;44.3527,42.0017;2600;;Kvemo Rene
0;43.6362,41.9975;5700;;Kvemo Osiauri
0;44.1989,41.3054;1700;;Kvemo Orozmani
0;44.5349,41.8287;3300;;Kvemo Nichbisi
0;46.0135,41.7982;2700;;Kvemo Nashovari
0;46.1703,41.8429;2700;;Kvemo Mskhalgori
0;44.5085,42.4282;1800;;Kvemo Mleta
0;45.8508,41.5661;4200;;Kvemo Magharo
0;45.9733,41.5766;4200;;Kvemo Machkhaani
0;43.8797,41.9963;4500;;Leteti
0;44.9054,41.3848;3000;;Kvemo Q’ulari
0;44.7491,41.4181;1100;;Kvemo Arkevani
0;44.5664,42.0131;1800;;Kvemo K’odists’q’aro
0;44.7630,42.2279;1800;;Kvemo Khorkhi
0;45.5807,41.8843;2200;;Kvemo Khodasheni
0;43.3533,42.3745;4000;;Kvemo Khevi
0;42.3404,42.0334;4900;;Kvemo Kheti
0;46.1278,41.8631;2700;;Kvemo Khechili
0;45.3067,42.1467;0900;;Kvemo Khalats’ani
0;46.5106,41.3711;1600;;Kvemo Kedi
0;42.7864,41.6774;0300;;Kvemo Enteli
0;44.4553,41.8653;2600;;Kvemo Chocheti
0;41.9850,42.0848;2800;;Kvemo Chibati
0;44.3947,42.0255;2600;;Kvemo Ch’ala
0;43.6656,42.1127;5700;;Kvemo Brolosani
0;44.5340,41.4008;1100;;Kvemo Bolnisi
0;45.9851,41.8316;2700;;Kvemo Bolkvi
0;45.8761,41.5531;4200;;Kvemo Bodbe
0;43.2825,42.5311;3600;;Kvemo Bari
0;45.3556,42.0536;0900;;Kvemo Alvani
0;44.2134,42.0462;1400;;Kvemo Akhalsopeli
0;42.0896,42.0151;2800;;Kvemo Ak’eti
0;41.8942,41.6086;6100;;Zeda Agara
0;43.6950,42.0484;5700;;Kvemo Adzvisi
0;43.1050,42.1769;2000;;Kveletubani
0;44.5994,42.4231;1800;;Q’velani
0;43.5483,42.5633;3600;;Kvedi
0;42.1949,42.9132;3200;;Kveda Vedi
0;42.2002,42.9374;3200;;Kveda Ts’virmindi
0;42.8640,42.2182;2400;;Kveda Simoneti
0;42.9830,42.5553;0400;;Kveda Shavra
0;43.0545,42.1922;2000;;Kveda Sazano
0;43.0268,42.1269;2000;;Kveda Sakara
0;43.4618,42.3491;4000;;Kveda Orghuli
0;42.7607,42.4510;5400;;Kveda Onch’eishi
0;42.4748,42.0789;1900;;Kveda Mukedi
0;41.8336,41.5661;6100;;Kveda Makhuntseti
0;42.7262,42.6327;5100;;Kveda Lukhvano
0;43.4771,42.1528;4000;;Lichi
0;41.8119,41.7844;6200;;Kveda K’virik’e
0;43.0125,42.0978;2000;;Kveda K’valiti
0;41.8774,41.8119;6200;;Kveda K’ondidi
0;42.5667,42.4851;5900;;Kveda K’inchkha
0;42.8029,42.5789;5100;;Kveda Ghvirishi
0;42.9107,42.5374;0400;;Kveda Ghvardia
0;42.6719,42.0699;1900;;Kveda Gora
0;42.0628,41.9953;3500;;Kveda Dzimiti
0;41.8236,41.7556;6200;;Kveda Dagva
4357;42.1109,42.4916;5000;;Kveda Chkhorots’q’u
0;43.2706,42.3630;5500;;Kveda Ch’alovani
0;42.5842,42.0716;1900;;Kveda Bzvani
0;41.8394,41.5617;6100;;Kveda Bzubzu
0;42.0890,41.9602;3500;;Kveda Bakhvi
0;43.0293,42.2315;2400;;Kveda Alisubani
0;41.7731,41.7302;6200;;Kveda Ach’q’va
0;43.3333,41.9646;5600;;Kvebi
0;44.7197,42.1000;1800;;Q’vavili
0;42.2425,42.4094;4100;;K’vauti
0;43.1760,42.5322;0400;;K’vatskhuti
0;43.1414,42.2891;5500;;Kvatsikhe
0;42.4056,41.5782;6500;;K’vat’ia
0;41.9873,41.6262;6100;;K’vasht’a
0;43.3855,42.5490;3600;;K’vashkhieti
0;45.2758,42.1424;0900;;Q’varelts’q’ali
0;42.6233,43.0080;3200;;K’vanch’ianari
0;42.4352,42.9906;3200;;Q’vana
0;42.3082,42.0487;3900;;Kvaq’ude
0;42.7379,42.2065;2400;;K’vakhch’iri
0;43.3057,42.3725;5500;;K’vakhajeleti
0;42.4240,42.4267;3100;;Kvaiti
0;42.0207,41.8807;3500;;K’vach’alati
0;43.2453,41.7744;1200;;Kvabiskhevi
0;42.4032,41.9235;4900;;Kvabgha
0;45.2742,42.1279;0900;;K’uts’akht’a
0;42.3543,42.2709;5900;;Kut’iri
0;42.3555,41.5299;6300;;Kutauri
135201;42.6946,42.2679;4600;;Kutaisi
0;44.9747,42.2218;2500;;Kushkhevi
0;43.8967,41.6115;3000,5300;;K’ushchi
0;42.2920,42.5866;3100;;K’urzu
0;44.4723,42.1853;1400;;Kurta
0;42.7639,42.3089;4300;;K’ursebi
0;42.3468,41.7018;6500;;Kurduli
3962;45.4881,41.9294;2200;;K’urdghelauri
0;42.5307,43.0484;3200;;Kurashi
0;42.4692,42.0339;1900;;Q’umuri
0;43.3546,41.3985;0700;;K’umurdo
0;44.4881,42.4545;4700;;Kumlistsikhe
0;42.6024,42.3833;5400;;Q’umistavi
0;44.7803,41.6144;0114;;K’umisi
0;45.6300,42.3481;0900;;Kumelaurta
945;42.3461,42.2064;3900;;Kulashi
0;44.8657,42.2789;1800;;K’uch’ech’a
0;45.8530,41.8821;4800;;K’uch’at’ani
0;44.5181,41.9897;3300;;Ksovrisi
0;44.4710,41.5718;2300;;Ksovreti
0;44.5731,41.8621;3300;;Ksani
0;43.1956,42.0426;5600;;Kroli
0;43.6542,41.9659;5700;;K’riskhevi
0;44.8439,41.8963;3300;;K’ot’oraantk’ari
0;44.7410,41.5274;2300;;Kotishi
0;42.1738,42.3206;4100;;K’ot’ianeti
0;44.0062,41.9686;1400;;K’oshk’ebi
0;44.8250,42.0485;1800;;K’oshk’asq’eli
0;44.6133,41.4995;2300;;Kosalari
0;43.1439,42.9146;2900;;Q’oruldashi
0;42.3817,41.6436;6500;;K’ort’okhi
0;41.9074,41.5896;6100;;K’oromkheti
0;41.7328,41.6435;6400;;Q’orolistavi
0;44.5218,42.4641;1800;;Korogho
0;43.4680,41.4612;0700;;K’orkhi
0;42.8640,42.3596;4300;;K’oreeti
0;42.7766,42.5011;5100;;Korenishi
0;43.4722,42.2293;4000;;K’orbouli
0;42.4211,42.3476;5900;;K’ont’uati
0;45.5838,41.9243;2200;;K’ondoli
0;41.9042,41.9754;3500;;Konchkati
0;43.4256,42.5702;3600;;K’omandeli
0;42.2710,42.2031;0200;;Kolobani
0;42.0718,41.6369;6100;;K’ok’ot’auri
0;42.1847,42.6387;5000;;Koq’o
0;41.7101,42.4806;2100;;K’ok’i
0;42.3176,42.0368;4900;;K’okhnari
0;41.8997,41.8006;6200;;K’okhi
0;42.8242,42.3181;4300;;K’ok’a
0;45.3899,41.9959;0900;;K’oghoto
1232;44.7001,41.6589;0900;;Kojori
0;45.7364,41.6881;1500;;Kodalo
0;44.6375,41.4359;1100;;Ch’ap’ala
0;45.1255,41.8878;3800;;K’och’baani
17538;41.7782,41.8328;6200;;Kobuleti
0;44.5133,42.5597;4700;;K’obi
0;43.7060,42.1384;5700;;Q’obi
0;43.8377,41.9914;4500;;Kobesaantubani
0;42.3427,41.5382;6300;;K’obalta
0;45.3111,41.8617;2200;;K’obadze
0;43.7853,42.1547;4500;;K’nolevi
0;44.9125,42.5370;1800;;Kmost’i
0;43.8590,41.9809;4500;;K’ldu
0;43.6783,42.1127;5700;;K’ldists’q’aro
0;43.0311,41.6775;0805;;K’lde
0;43.8740,41.6444;1700,5300;;K’izilkilisa
0;44.7656,41.4779;1700,3000;;Q’izil-Ajlo
0;44.0951,42.1273;1400;;Kits’nisi
0;43.1364,42.0594;5600;;K’itskhis Igoreti
0;43.1328,42.0370;5600;;K’itskhi
0;44.7508,42.4185;1800;;K’it’okhi
0;42.8616,42.3853;4300;;K’itkhiji
0;45.8143,41.7938;1500;;Q’it’aani
0;45.2869,41.9925;0900;;Kist’auri
0;45.0889,42.5647;1800;;K’ist’ani
0;42.0511,42.4824;5000;;K’irtskhi
5166;40.3330,43.2280;2300;;Ipnari
331;43.4062,41.3946;0700;;K’irovak’ani
0;41.7152,41.5136;6400;;K’irnati
0;44.9228,41.3686;3000;;K’irikhlo
0;44.2430,42.1146;1400;;K’irbali
0;44.3505,41.4334;1100;;Ch’reshi
0;43.5446,41.9919;5700;;Q’ipiantubani
0;43.0469,42.0508;2000;;K’inoti
0;43.6606,42.0951;5700;;Kindzati
0;42.5565,42.4939;5900;;K’inchkhaperdi
0;43.5152,41.8057;1200;;K’imotesubani
0;42.8975,41.7027;0300;;Kikineti
0;42.5491,41.7608;0300;;K’ik’ibo
0;42.1936,41.5859;6300;;Kidzinidzeebi
0;42.4494,43.0725;3200;;K’ichkhuldashi
0;41.7192,41.5522;6400;;K’ibe
0;44.4237,41.4263;1100;;K’ianeti
0;44.4733,42.0203;2600;;Khviti
0;43.2854,42.3895;5500;;Khvashiti
0;43.5320,42.1937;4000;;Khvani
0;43.0233,42.5608;0400;;Khvanch’k’ara
0;41.8319,41.8036;6200;;Khutsubani
0;43.4168,42.5769;3600;;Khuruti
0;44.5405,42.5985;4700;;Khurtisi
0;43.3587,42.1060;5600;;Khunevi
0;42.2987,42.1865;3900;;Khunjulauri
874;42.3146,41.6452;6500;;Khulo
0;43.4954,41.4155;0700;;Khulgumo
0;43.6768,41.9820;5700;;Khtsisi
0;42.8843,42.3466;4300;;Khresili
0;43.1658,42.3404;5500;;Khreiti
0;44.2397,41.8938;2600;;Khovle
0;43.1390,42.4647;0400;;Khot’evi
0;43.4980,41.3697;0700;;Khosp’io
0;46.0203,41.8438;2700;;Khoshat’iani
0;45.0639,42.4132;1800;;Khoshara
0;45.3399,41.9964;0900;;Khorkheli
0;43.2135,42.0697;5600;;Khoriti
0;41.8893,42.0213;2800;;Khoreti
0;45.2353,42.0656;0900;;Khorbalo
0;42.7610,42.7311;2900;;Khopuri
0;44.4993,41.5825;2300;;Khop’isi
0;45.2141,42.5844;1800;;Khonisch’ala
7651;42.4224,42.3254;5600,5900;;Khoni
0;43.0400,42.4964;0400;;Khonch’iori
0;42.6282,42.3283;5400;;Khomuli
0;44.9295,42.3789;1800;;Khomi
0;44.6508,41.2473;3000;;Khokhmeli
0;44.6890,41.2293;3000;;Khojorni
0;42.8178,42.6002;5100;;Khoji
2970;41.9002,42.3175;5800;;Khobi
0;44.8282,42.0011;1800;;Khiznebi
0;45.6031,42.3414;0900;;Khiso
0;43.4132,42.5542;3600;;Khirkhonisi
0;44.7210,42.2136;1800;;Khirausha
0;43.2068,42.5278;0400;;Khimshi
0;42.2111,41.9717;1400,4900;;Khidistavi
0;42.4870,42.4172;5900;;Khidi
0;43.4078,42.6567;3600;;Khideshlebi
0;43.1228,42.0067;5600;;Khidari
0;44.9424,41.9903;2500;;Khevsurtsopeli
0;45.2013,42.1323;0900;;Khevisch’ala
0;43.4095,42.0960;4900,5600;;Khevi
0;42.8285,41.6897;0300;;Khevasheni
0;41.8870,42.4339;2100;;Khetsera
0;41.8552,42.3590;5800;;Kheta
1000;43.2858,41.4780;0500;;Khertvisi
0;42.4191,43.0650;3200;;Kherkhvashi
0;43.1069,41.5504;0800;;Kheoti
0;43.1906,42.0671;5600;;Khemaghali
0;41.6731,41.5845;6400;;Khelvachauri
0;44.1546,42.0506;1400;;Kheltubani
0;42.6438,42.7903;2900;;Kheledi
0;44.5583,41.8207;3300;;Khek’ordzi
0;43.3847,42.5399;7300;;Kheiti
0;42.9110,42.9403;3200;;Khe
0;43.2416,41.2799;0700;;Khaveti
23949;43.5990,41.9973;5700;;Khashuri
0;45.1882,41.7593;3800;;Khashmi
0;44.8435,42.1853;1800;;Khart’isho
0;44.6204,42.4110;1800;;Kharkheti
0;43.4222,42.4864;0400;;Kharistvali
0;42.8546,41.6959;0300;;Kharjami
0;42.1101,41.6321;6100;;Kharaula
0;42.2354,42.5783;5000;;Khants’k’i
0;42.9576,41.9553;1000;;Khani
0;45.0061,41.3550;3000;;Khanjigazlo
0;43.2948,42.3246;5500;;Khalipauri
0;41.8066,41.7064;6200;;Khala
0;42.9594,41.6070;0800;;Khak’i
0;45.0048,42.5294;1800;;Khakhmat’i
0;45.0619,42.1858;2500;;Khaisho
0;41.8754,42.0641;2800;;Khajalia
0;44.0476,41.6039;5300;;T’beti
0;43.9691,41.7026;5300;;Khachk’ovi
0;42.5738,42.8009;2900;;Khacheshi
0;42.1468,42.5706;5000;;Khabume
0;42.1802,41.7077;6300;;Khabelashvilebi
0;45.0003,41.8786;3300;;K’evliani
0;46.0239,41.8269;2700;;Kevkhiani
0;44.3966,42.5971;4700;;K’et’risi
0;45.1048,41.4278;1300;;Kesalo
0;44.0972,42.1868;1400;;Kere
0;44.8104,42.0971;1800;;K’ench’ak’lde
0;42.7326,42.5791;5100;;K’enashi
0;41.9438,42.0286;2800;;Q’ela
0;43.8560,42.0077;4500;;K’ekhijvari
0;42.2894,41.6531;6500;;Kedlebi
0;43.0583,42.5148;0400;;Kedisubani
1055;41.9395,41.5995;6100;;Keda
0;44.4500,41.9000;2600;;Kebaani
0;43.3661,42.1685;5500;;Kbilari
5547;44.4197,41.3816;1100;;Kazreti
0;45.5889,41.5773;3800;;K’azlari
1552;44.6431,42.6569;4700;;Stepantsminda
0;44.4397,41.8550;2600;;K’avtiskhevi
0;46.2458,41.8250;2700;;K’avshiri
302;43.5827,41.3233;3400;;Q’aurma
2000;43.2087,42.2839;3200,5500;;K’atskhi
0;44.8599,42.3613;1800;;K’ats’alkhevi
0;43.6008,41.2245;3400;;K’atnat’u
0;44.8650,41.3033;3000;;K’asumlo
12319;44.4235,41.9278;2600;;Kaspi
0;42.5567,43.0167;3200;;Kartvani
0;44.9494,42.4875;1800;;K’arts’aulta
0;43.2804,41.2456;0700;;K’arts’akhi
0;43.5394,41.4084;0700;;K’art’ik’ami
0;44.7108,42.0515;1800;;Q’arsimaantk’ari
0;44.6986,41.8283;3300;;K’arsani
0;44.5533,42.0689;1800;;Karkushaani
0;44.6815,42.5784;4700;;K’ark’ucha
0;44.1268,41.3655;1700;;Kariani
0;42.1822,43.0507;3200;;Q’ari
0;44.0731,42.1987;1400;;K’arbi
0;44.9698,41.6011;1300;;Q’aratak’lia
0;44.3332,42.0300;2600;;Q’arapila
0;42.2566,41.5549;6300;;K’arap’et’i
0;44.0950,42.0597;1400;;K’araleti
0;44.9624,41.6210;1300;;Q’arajalari
0;44.3850,41.4510;1100;;Its’ria
0;41.7192,41.6538;6400;;K’ap’reshumi
0;41.7406,41.5586;6400;;K’ap’nistavi
0;42.0188,41.6370;6100;;K’ant’auri
0;44.5262,42.5899;4700;;Q’anobi
0;44.8340,42.2544;1800;;K’anat’ia
0;44.3439,41.2490;1700;;K’amishlo
0;44.1409,41.3497;1700;;K’amarlo
0;43.3915,42.3184;4000;;K’alvata
0;42.4702,41.5297;6500;;K’alota
0;45.9567,41.8069;2700;;Kalkva-Namesrali
0;45.0550,41.4995;1300;;K’alinino
0;44.8722,42.2996;1800;;Kalilo
0;42.5254,43.0273;3200;;K’alashi
0;42.3544,42.0322;4900;;K’alagoni
0;41.9578,41.8589;3500,6200;;Kakuti
0;42.7231,42.8045;2900;;K’akhura
0;44.9111,42.1186;2500;;K’akhoianebi
0;41.7747,42.4905;2100;;K’akhati
0;41.6111,41.6251;6400;;K’akhaberi
0;45.5354,41.7040;3800;;K’ak’abeti
0;44.5101,42.4422;1800;;K’aishaurni
0;44.6003,42.1766;1800;;K’adoeti
0;43.1092,42.4746;0400;;K’achaeti
0;44.0042,41.7065;5300;;K’aburi
0;46.1294,41.8368;2700;;K’abali
0;42.6327,43.0127;3200;;Ienashi
0;42.9612,41.6437;0800;;Ivlit’a
0;44.3379,41.5877;2300;;Ivanovk’a
0;42.9297,42.3518;4300;;Ivaneuli
0;42.4144,42.3073;5900;;Ivandidi
0;43.4861,42.3015;4000;;Itskisi
0;43.1440,42.5145;0400;;Its’a
0;43.3403,42.2922;5500;;Itkhvisi
0;42.6536,42.5564;5100;;Isunderi
0;42.0758,42.2274;4100;;Isula
0;42.5926,42.0587;1900;;Isriti
0;42.5210,43.0432;3200;;Isk’ari
0;43.5534,42.5149;3600;;Iri
0;44.1401,41.2067;1700;;Irganchai
0;42.3619,41.6781;6500;;Iremadzeebi
0;42.6113,43.0221;3200;;Ipkhi
0;42.2902,43.0059;3200;;Kveda Ipari
0;45.5278,41.5999;3800;;Iormughanlo
0;44.7283,42.1126;1800;;Iori
0;42.2316,41.9741;4900;;Int’abueti
0;44.9141,42.3527;1800;;Ino
0;45.1940,41.9917;0900;;Ingeti
0;42.6489,42.0602;1900;;Inashauri
0;44.8248,41.4005;3000;;Imiri
0;43.7364,41.9820;5700;;Imerliantk’ari
24;40.1364,43.3969;4500;;Imerkhevi
0;44.1899,41.6403;5300;;Imera
0;44.5339,42.0074;1800;;Ilt’oza
0;45.0256,41.4287;3000;;Ilmazlo
0;45.0755,41.8690;3800;;Ik’vlivgorana
0;43.5423,41.5547;0700;;Ikht’ila
0;45.3911,41.9468;2200;;Iq’alto
0;42.7127,41.6570;0300;;Ijareti
0;43.2313,41.5949;0500;;Idumala
0;42.0908,42.9320;3200;;Idliani
0;44.4612,41.8617;2600;;Idleti
0;44.8997,42.1499;2500;;Iarajulebi
0;44.1690,41.3360;1700;;Iaghuplo
0;42.3752,41.5181;6300;;Iak’obauri
0;43.6342,41.9682;5700;;Ghvriats’q’ali
0;43.9723,41.9797;4500;;Ghvlevi
0;42.5504,42.4140;5900;;Gvasht’ibi
0;42.5740,42.3129;5400;;Gvisht’ibi
0;46.0083,41.7860;2700;;Gvimriani
0;44.5999,42.4339;1800;;Gvidake
0;43.0838,42.5602;0400;;Ghviara
0;44.5403,41.7058;2300;;Ghvevi
0;42.7531,42.6472;5100;;Gveso
0;43.1971,42.0582;5600;;Ghverk’i
0;43.7197,41.9324;4500;;Gverdzineti
0;43.6452,41.7818;5700;;Gverdisubani
1;44.6215,42.7232;1800,4700;;Gveleti
0;42.5900,42.4590;5900;;Ghvedi
0;42.7808,43.0503;3200;;Ghvebra
0;44.0145,41.9310;1400;;Ghvarebi
0;41.8450,41.8172;6200;;Gvara
0;42.9888,42.1675;2400;;Ghvank’iti
0;42.3570,41.6472;6500;;Ghurt’a
0;42.8622,42.4075;4300;;Gurna
0;43.1203,41.7197;0800;;Gurk’eli
7217;45.8025,41.7438;1500;;Gurjaani
0;43.3315,42.2349;5500;;Gundaeti
0;42.6321,42.3057;5400;;Gumbra
0;43.9222,41.6588;5300;;Gumbati
0;42.6784,42.3424;5400;;Gumati
0;42.2743,42.2401;0200;;Gulukheti
0;44.9446,42.5224;1800;;Ghuli
0;42.1930,42.1282;0200;;Guleik’ari
0;44.9285,41.9373;2500;;Ghulelebi
0;41.9500,41.6078;6100;;Gulebi
0;44.3798,41.4275;1100;;Get’a
0;44.8110,42.1811;1800;;Gudrukhi
10000;44.4762,42.4780;4700;;Gudauri
0;44.4575,41.5919;2300;;Gudarekhi
0;44.9022,42.3473;1800;;Gudarakhi
0;44.9590,42.5349;1800;;Gudani
0;44.4083,41.8257;2600;;Gudaleti
0;42.5240,42.3042;5400;;Gubists’q’ali
0;42.8492,42.6174;5100;;Ghu
0;41.9728,42.5353;2100;;Grigolishi
235;41.7392,42.0369;2800;;Grigoleti
0;44.6608,42.0503;1800;;Grigolaantk’ari
0;45.6786,42.0134;4800;;Gremi
0;43.0018,41.6234;0800;;Ghreli
0;45.1532,41.9035;2500;;Grdzelvelebi
0;45.6267,42.0390;4800;;Grdzeli Ch’ala
0;44.2884,41.9409;2600;;Grak’ali
0;44.7145,41.6112;2300;;Ghoubani
0;42.6269,41.7083;0300;;Ghortubani
0;44.6658,41.8844;3300;;Gorovani
0;42.3234,42.0501;3900;;Gormaghali
0;43.0138,42.5397;0400;;Gorisubani
0;44.5693,42.6020;4700;;Goristsikhe
0;43.4350,42.2781;4000;;Gorisa
41933;44.1129,41.9853;1400,0400,6300;;Gori
0;42.7026,41.6701;0300;;Gorguli
0;43.2610,42.0694;5600;;Ghoresha
0;42.7524,41.6430;0300;;Ghordze
0;42.0376,41.6551;6100;;Gobroneti
0;44.3918,42.0406;2600;;Gorak’a
0;44.2961,41.2528;1700,1900;;Gora
0;41.5733,41.5629;6400;;Gonio
0;42.0872,41.9021;3500;;Gonebisk’ari
0;43.5084,42.3370;4000;;Ghona
0;44.8133,42.3031;1800;;Gomets’ari
0;42.7429,41.7059;0300;;Gomaro
0;42.1976,41.6642;6300;;Gomarduli
0;43.5363,41.4949;0700;;Gomani
0;44.5841,41.5577;2300;;Golteti
0;44.4919,41.6860;2300;;Gholovani
0;43.4138,41.9998;5600;;Golatubani
0;41.9828,42.2386;4100;;Golask’uri
0;43.4123,41.5674;0700;;Gok’io
0;44.3220,41.6529;2300;;Gokhnari
0;42.9035,42.5243;0400;;Gogoleti
0;45.0280,42.4170;1800;;Gogolaurta
0;42.9883,42.2802;2400;;Gogni
0;44.6222,42.4224;1800;;Gognauri
0;42.0517,41.8816;3500;;Gogieti
0;42.2512,41.5747;6300;;Goginauri
0;43.3022,41.3719;0700;;Gogasheni
0;42.1580,41.5588;6300;;Gogadzeebi
0;44.9867,42.1390;2500;;Gojiaanebi
0;43.5021,42.1429;4000;;Ghodora
0;42.4280,42.2735;5900;;Gocha Jikhaishi
0;43.6342,42.7022;3600;;Glola
3669;44.8301,41.8221;3300;;Gldani
0;43.5096,42.7649;3600;;Ghebi
0;42.4730,43.0698;3200;;Gheshderi
0;42.9380,42.5932;0400;;Gendushi
0;42.5695,42.4373;5900;;Gelaveri
0;42.3661,41.6567;6500;;Geladzeebi
0;42.6801,42.1754;5400;;Geguti
0;42.1922,42.3004;4100;;Gejeti
0;43.3656,42.0838;5600;;Gedsamania
0;44.5929,42.6206;4700;;Gaibot’eni
0;42.2786,42.1300;0200;;Gauts’q’inari
0;43.6562,41.9490;5700;;Gharta
0;43.4653,42.6003;3600;;Ghari
12364;45.0899,41.4597;1300;;Gardabani
0;44.5928,42.6113;4700;;Garbani
0;42.1492,42.5114;5000;;Garakha
4902;40.0794,43.3811;1700,2000,3500,6400;;Gantiadi
0;42.3614,42.2482;3900;;Ghaniri
0;46.1228,41.8435;2700;;Ganjala
0;43.7502,41.3498;3400;;Gandza
0;46.2186,41.8218;2700;;Ganatleba
0;41.6277,42.4253;2100;;Ganarjiis Mukhuri
0;44.7197,42.4385;1800;;Gamsi
0;42.1385,42.2095;0200;;Gamoghma Zanati
0;42.1827,42.1697;0200;;Gamoghma K’odori
0;43.1508,42.1953;2000;;Gamoghma Boslevi
0;44.3857,42.0039;2600;;Gamdlists’q’aro
0;44.8195,41.9120;3300;;Galavani
0;42.1036,42.0251;2800;;Gaguri
0;42.8352,42.6138;5100;;Gagulechi
0;42.1221,42.2192;0200;;Gaghma Zanati
0;42.0256,42.3763;5800;;Gaghma Sajijao
0;42.1649,42.1549;0200;;Gaghma K’odori
0;42.0636,41.9487;3500;;Gaghma Dvabzu
0;43.8691,41.8535;1400;;Q’velaantubani
0;42.9908,42.5482;0400;;Ghadishi
0;42.5221,42.0262;1900;;Gadidi
0;43.3380,42.6179;3600;;Gadamshi
0;42.3737,42.4675;3100;;Gach’edili
0;42.4504,41.5605;6500;;Pushruk’auli
0;42.2612,41.6095;6300;;Purt’io
0;43.3089,41.2422;0700;;Pilip’ovk’a
0;41.6514,41.6333;6400;;Peria
0;44.6465,41.3842;1100;;T’alaveri
0;42.3378,41.6014;6500;;Pachkha
0;44.9334,42.0344;2500;;Evzhent’i
0;44.7480,42.1171;1800;;Etvalisi
0;42.0361,42.7443;5200;;Potskho-Ets’eri
0;42.4019,42.1870;3900;;P’at’ara Ets’eri
0;43.6143,41.3417;3400;;Esht’ia
0;44.7318,41.6185;2300;;Ert’isi
0;41.6914,41.5642;6400;;Erge
0;46.0939,41.7031;2700;;Heretisk’ari
0;43.2840,42.1419;5600;;Ereta
0;45.6755,42.0035;4800;;Eniseli
0;44.6344,41.6058;2300;;Enageti
0;42.9561,41.7095;0800;;Eliats’minda
0;42.1006,42.3422;4100;;Ek’i
0;44.6042,42.0564;1800;;Ebnisi
53;44.6884,41.7711;3300;;Vedzisi
0;42.1451,42.2946;4100;;Dzveli Senak’i
0;44.4243,41.4538;1100;;Dzveli Kveshi
0;44.6011,41.9039;3300;;Dzveli Kanda
0;44.5365,42.1003;1800;;Dzveli Burghuli
0;46.0509,41.5444;4200;;Dzveli Anaga
0;42.2209,42.2398;0200;;Dzveli Abasha
0;43.1521,41.5810;0500;;Dzveli
0;42.6171,42.0237;1900;;Dzulukhi
0;42.8880,42.3265;4300;;Dzuq’nuri
0;42.9106,42.4296;4300;;Dzmuisi
0;42.2985,41.6054;6500;;Dzmagula
0;43.9296,42.1050;4500;;Dzlevijvari
0;43.1587,42.0796;2000;;Dzirula
0;42.9504,42.3599;4300;;Dzirovani
0;42.3040,41.6756;6500;;Dzirk’vadzeebi
0;41.9737,42.0189;3500;;Dzirjumati
0;43.1391,42.5331;0400;;Dzirageuli
0;42.1483,42.2362;0200;;Dziguri
1148;42.0520,42.7169;6300,5200;;Jvari
0;44.7473,42.5795;4700;;Juta
0;41.9266,42.0809;2800;;Juruq’veti
0;42.2841,41.5709;6300;;Jumushauri
0;42.1425,42.5448;5000;;Jumiti
0;41.8762,42.4528;2100;;Jumi
0;41.9617,42.0088;3500;;Jumati
0;42.8768,41.5877;0800;;Julgha
0;44.7177,42.2809;1800;;Jughisi
0;45.4839,42.0604;2200;;Jughaani
0;45.9871,41.5975;4200;;Jugaani
0;43.5834,42.3494;4000;;Jria
0;42.2673,42.9927;3200;;Jork’vali
0;44.6235,41.5812;2300;;Jorjiashvili
0;42.8482,42.3371;4300;;Jonia
0;42.2557,42.3733;3100;;Jolevi
0;45.3070,42.1716;0900;;Joq’olo
0;43.9188,41.6290;5300;;Arts’ivani
0;43.5231,42.6134;3600;;Jinch’visi
0;45.6922,41.6790;1500;;Jimiti
0;42.7054,42.3006;5400;;Jimast’aro
0;44.7525,42.0775;1800;;Aragvisp’iri
0;42.0305,42.5158;2100;;Jikhask’ari
784;43.5430,41.3209;3400;;Jigrasheni
0;44.7788,41.9240;3300;;Jighaura
0;44.8969,42.1615;2500;;Jijeti
0;43.1113,42.2422;2400;;Jgilati
0;42.1297,42.6515;5200;;Jgali
0;44.8751,42.1206;2500;;Jervalidzeebi
0;44.6688,42.1076;1800;;Javakhiantk’ari
0;44.2592,41.3286;1700;;Javakhi
0;44.6091,41.4378;1100;;Samt’redo
0;46.1431,41.4556;1600;;Samrek’lo
0;42.1955,42.0965;2800;;Jap’ana
0;44.6881,41.2682;3000;;Jankhoshi
0;45.1719,41.4435;1300,3000;;Jandara
0;43.4002,42.2458;4000;;Jalaurta
0;44.6575,42.3993;1800;;Jaghmiani
0;42.0584,42.5300;5200;;Jaghira
0;42.1828,41.5982;6300;;Jabnidzeebi
0;42.9462,42.2419;2400;;Dzevri
0;44.0590,42.1118;1400;;Dzevera
2911;44.6010,41.8457;3300;;Dzegvi
0;42.5585,42.4242;5900;;Dzedzileti
0;44.9733,42.5214;1800;;Dzedzeurta
0;44.9879,42.0977;2500;;Dzebniaurebi
0;44.6097,41.9615;3300;;Dzalisi
0;43.2625,41.7739;1200;;Dviri
0;43.8768,42.1584;4500;;Dvani
0;42.0589,41.9344;3500;;Dvabzu
0;45.5100,41.6114;3800;;Duzagrama
0;42.4757,42.0115;1900;;Dutskhuni
7389;44.6950,42.0864;1800;;Dusheti
0;43.5046,42.2738;4000;;Durevi
0;43.4117,42.3526;4000;;Dunta
0;43.6713,42.0801;5700;;Dumatskhovi
0;44.7109,42.4641;1800;;Dumatskho
0;45.2939,42.1456;0900;;Duisi
0;44.9853,42.1642;2500;;Duluzaurebi
0;44.6479,42.1223;1800;;Dudaurebi
0;43.5284,42.3382;4000;;Drbo
0;44.2512,41.9361;2600;;Doesi
0;42.2623,42.5263;3100;;Doshaq’e
0;45.0103,41.9589;2500;;Doreulebi
0;44.8411,42.1218;1800;;Dolosha
0;41.7842,41.5494;6100;;Dologani
0;42.5909,43.0352;3200;;Dolasvipi
0;44.6918,42.2643;1800;;Dolaskedi
0;45.5556,42.3900;0900;;Doch’u
0;42.4075,42.0727;3900;;Dobiro
3099;44.2030,41.3318;1700;;Dmanisi
0;42.3443,43.0399;3200;;Dizi
0;44.0324,42.2069;1400;;Ditsi
0;43.8746,42.1138;4500;;Dirbi
7725;42.3917,41.6293;6500;;Diok’nisi
0;42.8199,42.0942;1000;;Dimi
2374;43.4621,41.4292;0700;;Dilisk’a
0;43.1036,42.1468;2000;;Dilik’auri
0;45.6901,42.3969;0900;;Dik’lo
0;44.7477,42.3675;1800;;Dikhcho
0;42.5650,42.0664;1900;;Dikhashkho
7497;44.7321,41.7728;3300;;Dighomi
0;42.7726,42.1290;1000;;Didvela
0;43.6754,41.9463;5700;;Didi-Tkhinala
0;42.7465,41.6692;0300;;Didi Smada
0;43.6815,42.0238;5700;;Didi Sat’ive
0;43.5986,41.5387;0700;;Didi Samsari
0;43.6993,42.0716;5700;;Didi Plevi
0;42.9033,41.6193;0800;;Didi P’amaji
0;41.6992,42.4047;2100;;Didi Nedzi
0;44.9541,41.3884;3000;;Didi Mughanlo
0;43.5806,41.7465;1200;;Didi Mit’arbi
0;42.4448,42.2949;5900;;Didi K’ukhi
0;43.7309,41.9731;5700;;Didi Khavleti
0;43.5931,41.2447;3400;;Didi Khanchali
0;43.6456,41.9612;5700;;Didi Khalebi
0;43.7515,41.9689;5700;;Didi Q’eleti
0;42.4127,42.4421;3100;;Didi Inchkhuri
0;45.3169,42.1662;0900;;Dumast’uri
0;44.3533,41.3563;1700;;Didi Dmanisi
0;42.3149,42.5004;3100;;Didi Ch’q’oni
0;44.0982,41.9059;1400;;At’eni
643;43.6609,41.3052;3400;;Didi Arakali
78;44.6721,41.7923;2300,3300;;Didgori
0;44.7318,42.4280;1800;;Didebaani
0;42.3532,41.6654;6500;;Didach’ara
0;42.3358,41.6608;6500;;Diak’onidzeebi
0;43.2665,41.7373;1200;;Dgvari
0;42.2126,41.5814;6300;;Dghvani
0;42.2808,42.5673;3100;;Dghvana
0;42.8192,42.4701;5400;;Dghnorisa
0;44.6596,42.2211;1800;;Dgnali
0;44.9497,41.9803;2500;;Devenaantkhevi
0;44.3507,42.6070;4700;;Desi
0;42.5863,41.7523;0300;;Dertseli
0;42.7725,42.4678;5400;;Derchi
0;44.3596,41.4236;1100;;Khakhalajvari
0;43.0465,42.2260;2400;;Delt’asubani
0;42.7784,42.6232;5100;;Dekhviri
0;42.3024,41.6495;6500;;Dek’anashvilebi
0;43.3532,41.9687;5600;;Deisi
5460;46.1039,41.4657;1600;;Dedoplistsqaro
0;45.2770,42.1709;0900;;Dedisperuli
0;42.5178,42.3505;5900;;Dedalauri
0;44.6253,42.3454;1800;;Daviturni
0;42.9294,42.9305;3200;;Davberi
0;44.8269,41.9932;1800;;Davati
0;44.9043,42.4424;1800;;Datvisi
0;44.1258,41.5861;5300;;Dashbashi
0;45.5826,42.4391;0900;;Dartlo
0;43.3325,42.3235;5500;;Dark’veti
0;43.5487,42.3277;4000;;Darq’a
0;42.3892,41.5155;6300;;Darchidzeebi
0;41.6866,42.4349;2100;;Darcheli
0;44.3261,41.4146;1100;;Darbazi
0;44.6074,41.3276;1100;;P’at’ara Darbazi
0;43.9620,41.6077;5300;;Darak’ovi
0;42.3375,42.1063;3900;;Dapnari
0;42.4680,41.6487;6500;;Danisp’arauli
0;42.1022,41.6446;6100;;Dandalo
0;44.7497,41.2723;3000;;Damia
0;43.5539,41.9594;5700;;Damchkheula
0;43.2908,41.5792;0500;;Damala
0;44.5306,41.5272;2300;;Dagheti
0;44.1614,41.3844;1700;;Dagarakhlo
0;43.4230,41.2828;0700;;Dadeshi
0;42.3877,42.0997;3900;;Dablagomi
0;42.1455,41.9614;3500;;Dabali Ets’eri
0;43.4499,41.8128;1200;;Daba
0;43.7275,42.1566;4500;;Ch’vrinisi
0;42.9655,41.7097;0800;;Ch’vinta
0;43.0164,42.9162;3200;;Chvibiani
0;42.9523,42.8300;2900;;Ch’velpi
0;42.8450,42.8458;2900;;Ch’velieri
0;43.3276,42.5981;3600;;Ch’vebari
0;42.1540,41.6734;6300;;Ch’vana
0;42.8527,43.0428;3200;;Chvabiani
0;43.6010,42.3650;4000;;Ch’urnali
0;44.9756,42.1405;2500;;Ch’urch’elaurebi
0;42.5693,42.3517;5400;;Chuneshi
0;43.3893,41.4707;0700;;Chunchkha
0;45.7733,41.7653;1500;;Chumlaki
0;43.0175,42.8115;2900;;Chuk’uli
0;44.6472,42.0378;1800;;Chubiniantk’ari
0;42.9650,42.5633;0400;;Ch’rebalo
0;43.3884,41.9687;5600;;Chrdili
0;43.4219,42.2908;4000;;Ch’orvila
0;43.6687,42.1386;5700;;Chorchana
0;44.7701,41.9773;1800;;Ch’op’ort’i
0;44.6124,42.0932;1800;;Ch’ont’ili
0;42.3515,42.0417;4900;;Chometi
0;42.7590,42.3299;5400;;Ch’olevi
0;42.8277,43.0461;3200;;Ch’olashi
0;44.6383,42.4051;1800;;Chokhelni
1454;42.2394,42.0190;4900;;Chokhatauri
0;41.8892,42.0265;2800;;Chochkhati
0;43.3020,41.7810;1200;;Ch’obiskhevi
0;43.1334,41.5776;0500;;Ch’obareti
0;44.7258,42.4434;1800;;Chobalaurni
0;42.4355,42.1246;1900,0400;;Ch’q’vishi
0;42.0942,42.7159;5200;;Chkvaleri
0;42.6688,42.6129;5100;;Chkumi
0;44.2859,41.8665;2600;;Ch’q’op’iani
0;42.1422,42.0872;2800;;Ch’q’onagora
0;42.5835,43.0364;3200;;Ch’k’idanari
0;42.7918,42.6472;5100;;Chkhut’eli
0;44.9540,42.5508;1800;;Chkhuba
2372;42.1273,42.5195;5000;;Chkhorotsqu
0;41.9648,42.6082;2100;;Chkhoria
0;43.2177,42.0152;5600;;Chkheri
0;42.3187,42.2294;3900;;Chkhenishi
0;42.9843,42.2484;2400;;Chkhari
0;41.9776,42.5926;2100;;Ch’k’aduashi
0;44.8686,41.9812;1800;;Chit’aurebi
0;41.8524,42.4787;2100;;Ch’itats’q’ari
0;43.2995,41.7908;1200;;Chitakhevi
0;44.6569,42.4164;1800;;Chirik’i
0;44.9134,42.4861;1800;;Chirdili
0;43.5540,42.7437;3600;;Ch’iora
0;44.7831,42.1112;1800;;Chinti
0;41.7783,41.5561;6100;;Ch’ink’adzeebi
0;41.9744,42.0558;2800;;Ch’inati
0;44.8817,42.6397;1800;;Ch’imgha
0;44.6186,42.0428;1800;;Ch’ilurt’i
0;43.2438,42.2604;5500;;Ch’ilovani
0;44.8886,41.8864;3300;;Ch’ilaantk’ari
0;41.8486,41.5100;6400;;Chikuneti
0;43.0599,42.2345;2400;;Chikhori
0;43.5573,41.6208;1200;;Ch’ikharula
0;43.0506,42.7943;2900;;Chikhareshi
0;43.4398,42.3494;4000;;Chikha
0;44.0395,41.7159;5300;;Chivtkilisa
0;45.0539,42.4076;1800;;Ch’icho
0;43.3203,42.5384;3600;;Ch’ibrevi
0;45.0415,42.1652;2500;;Ch’iaura
11943;43.2989,42.2981;5500;;Chiatura
0;42.3126,41.5911;6500;;Ch’eri
0;45.5855,41.7555;1500;;Cheremi
0;42.5282,43.0526;3200;;Ch’eliri
0;43.1124,42.4629;0400;;Ch’eliaghele
0;44.9573,42.0299;2500;;Chek’uraantgori
0;42.6118,41.6990;0300;;Ch’ech’la
0;42.7954,42.4465;5400;;Ch’ashleti
0;44.5346,42.0313;1800;;Ch’asha
0;45.1128,42.1103;0900;;Ch’artala
0;41.5997,41.5689;6400;;Ch’arnali
0;45.3180,41.9526;0900;;Charekauli
0;44.9244,42.3279;1800;;Chargali
0;44.6471,41.8863;3300;;Chardakhi
0;44.0812,41.5519;5300;;K’avta
0;42.2945,41.6213;6500;;Chao
0;41.9756,41.8683;3500;;Ch’anieti
0;43.9208,41.9692;4500;;Ch’andrebi
0;42.2226,41.6371;6300;;Chanchkhalo
0;41.9242,42.0472;2800;;Chancheti
0;42.1207,42.0335;2800;;Ch’anch’ati
0;44.6014,41.2355;3000;;Chanakhchi
0;44.6950,42.0467;1800;;Chanadirtk’ari
0;43.4967,42.1735;4000;;Ch’alovani
0;42.7362,42.6227;5100;;Ch’alistavi
0;42.0250,42.7076;5200;;Ch’ale
0;45.8172,41.6350;1500;;Chalaubani
0;43.0339,42.1467;2000;;Ch’alat’q’e
0;42.8179,42.2488;2400;;Ch’alastavi
0;41.8719,41.6772;6200;;Chakvistavi
0;41.9805,42.4830;2100;;Ch’akvinji
0;41.9350,41.8019;6200;;Ch’akhati
0;42.3768,42.2278;3900;;Ch’agani
0;46.1575,41.7869;2700;;Chaduniani
0;44.6598,42.3850;1800;;Chadistsikhe
0;45.1553,42.0419;0900;;Chachkhriala
0;42.1965,41.9556;4900;;Ch’ach’ieti
0;43.0390,41.6345;0800;;Ch’ach’araki
0;42.3505,42.4253;3100;;Ch’aburta
0;45.9986,41.8027;2700;;Ch’abuk’iani
0;45.3355,41.9733;0900;;Chabinaani
0;45.0250,42.1400;2500;;Chabano
0;42.2552,41.9586;4900;;Bzholieti
0;43.5735,41.4230;0700;;Buzaveti
0;42.8819,42.3353;4300;;Bueti
0;42.2369,41.6215;6300;;Buturauli
0;45.6017,41.8796;2200;;Bushet’i
0;44.7326,42.4926;1800;;Bursach’iri
0;42.2844,42.0343;4900;;Burnati
0;43.4689,41.5857;0700,5300;;Burnasheti
0;44.8769,41.8927;3300;;Buriani
0;43.2564,42.3299;5500;;Bunik’auri
0;43.4773,41.9714;5700;;Bulbulistsikhe
0;44.7631,42.0485;1800;;Bulachauri
0;42.1570,42.0040;6200;;Buk’nari
0;42.2581,42.0792;3900;;Bughnara
0;43.0644,42.5394;0400;;Bugeuli
0;43.5214,41.5159;0700;;Bughasheni
0;45.1373,42.0115;0900;;Bughaani
0;44.8962,42.4844;1800;;Buchuk’urta
0;44.6919,42.2843;1800;;Buchaani
0;43.9016,42.0846;4500;;Breti
0;43.7472,42.1267;4500;;Bredza
0;44.4336,42.0161;2600;;Bozhami
0;43.0791,42.5503;0400;;Bost’ana
0;44.3028,41.3545;1700;;Boslebi
0;44.6974,42.4664;1800;;Boseli
0;43.4653,42.6275;3600;;Bortso
11248;43.3971,41.8469;1200;;Borjomi
0;43.2702,42.1140;5600;;Boriti
0;43.1160,42.0499;5600;;Bori
0;44.7337,41.6019;2300;;Borbalo
0;46.1203,41.7843;2700;;Bolok’iani
8461;44.5384,41.4512;1100;;Bolnisi
0;43.3950,42.5290;3600;;Boq’va
0;44.9687,42.0572;2500;;Bok’oni
0;44.6136,41.5798;2300;;Bogvi
0;42.8293,43.0112;3200;;Bogreshi
0;41.9545,41.9993;3500;;Bogili
0;43.0099,41.7107;0800;;Boga
0;44.7442,42.0560;1800;;Bodorna
0;45.9442,41.5901;4200;;Bodbiskhevi
0;44.8119,42.1339;1800;;Bodavi
0;44.9786,42.1978;2500;;Bodakheva
0;45.1200,41.9153;2500;;Boch’orma
0;41.7936,41.7728;6200;;Boboq’vati
0;44.0024,41.8864;1400;;Bobnevi
0;44.0609,41.9489;1400;;Bnavisi
0;44.9221,42.5703;1800;;Blo
0;44.7961,41.9368;3300;;Bits’mendi
0;44.9985,42.5297;1800;;Biso
0;45.0648,41.4905;1300;;Birlik’i
0;45.3086,42.1896;0900;;Birk’iani
0;43.9813,41.8665;1400;;Biisi
0;43.1254,42.2748;5500;;Bigha
0;43.5348,42.0467;5700;;Bijnisi
0;44.7589,42.1022;1800;;Bichnigauri
0;41.9233,42.3458;5800;;Bia
0;43.3911,41.9954;5600;;Bezhatubani
0;43.5605,41.6097;0700;;Bezhano
0;44.5850,41.7492;3300;;Bevreti
0;45.0266,41.9506;2500;;Bets’ents’urebi
0;43.1969,42.4591;0400;;Betlevi
0;42.2024,42.3779;4100;;Betlemi
0;44.9194,42.4128;1800;;Bet’ischrdili
0;42.5273,42.3826;5900;;Besiauri
0;44.1155,41.6382;5300;;Beshtasheni
0;42.1580,41.6290;6300;;Beselashvilebi
0;44.1262,42.0141;1400;;Berbuk’i
0;42.7542,42.4576;5400;;Bentkoula
0;44.5317,42.4675;1800;;Benian-Begoni
0;42.8293,41.6591;0300;;Benara
0;45.9667,41.8241;2700;;Beburiani
0;44.3835,41.4714;1100;;Bertak’ari
0;43.5496,41.9962;5700;;Didi Bek’ami
0;44.8438,41.3006;3000;;Beitarabchi
0;43.1559,42.1894;2000;;Beghlevi
0;44.5500,42.4297;1800;;Bedoni
0;43.9090,42.0287;4500;;Bebnisi
0;44.8425,41.3256;3000;;Baitalo
0;43.5093,41.4012;0700;;Bavra
0;42.4889,42.8304;2900;;Bavari
186949;41.6306,41.6408;6000;;Batumi
0;44.9641,42.5581;1800;;Batsaligo
0;42.1803,41.9589;4900;;Basileti
0;42.5255,43.0509;3200;;Barshi
0;44.3152,41.9240;2600;;Barnabiantk’ari
0;44.9212,42.4737;1800;;Barisakho
0;43.0106,42.5512;0400;;Bareuli
0;42.8940,42.2086;2400;;Bardubani
0;42.7155,42.6067;5100;;Bardnala
0;42.2077,41.6747;6300;;Baratauli
0;43.5093,41.5430;0700;;Baraleti
0;44.6561,42.1439;1800;;Bantsurtk’ari
0;44.6980,42.3238;1800;;Bantsuri
0;42.6636,42.2847;5400;;Banoja
0;42.2810,42.3467;3100;;Bandza
0;45.9744,41.8186;2700;;Balta
0;43.5357,41.5102;0700;;Balkho
0;44.3991,41.3627;1100;;Balich’i
0;45.9444,41.8269;4800;;Balghojiani
0;44.8979,41.9567;2500;;Balebiskhevi
0;43.5423,41.6157;1200;;Balanta
0;42.7746,41.6736;0300;;Bolajuri
0;42.0940,41.6473;6100;;Baladzeebi
0;45.8574,41.6926;1500;;Bak’urtsikhe
0;44.7965,42.4779;1800;;Bak’urkhevi
1817;43.5291,41.7530;1200;;Bakuriani
0;42.5308,41.5380;6500;;Bak’o
0;45.2359,42.1117;0900;;Baq’ilovani
0;42.0403,41.9244;3500;;Bokhvauri
0;43.4775,42.2681;4000;;Bakhioti
0;44.1989,41.4165;1700;;Bakhchalari
0;44.7199,42.3692;1800;;Bakhani
0;46.1693,41.8312;2700;;Baisubani
0;41.9594,41.9780;3500;;Baileti
0;44.8872,41.3980;3000;;Baidari
0;42.7315,42.0624;1900;;Bagineti
2412;42.8250,42.0694;1000;;Baghdati
0;42.0958,41.9371;2700,3500;;Baghdadi
0;44.7234,42.0324;1800;;Baga
0;43.3692,42.3495;4000;;Bajiti
0;43.4955,42.5078;3600;;Bajikhevi
0;42.9647,42.5457;0400;;Baji
0;42.7203,42.0485;1900;;Baboti
0;43.3357,41.9780;5600;;Babi
0;45.3811,42.0811;0900;;Babaneuri
0;43.2951,41.3136;0700;;Azmana
0;43.4540,41.5866;0700;;Azavreti
0;43.9129,41.5777;5300;;Aiazmi
0;43.8913,41.6559;5300;;Avranlo
0;43.8778,42.1926;4500;;Avnevi
0;43.7775,42.1358;4500;;Avlevi
0;44.7217,42.1673;1800;;Avenisi
0;43.2413,41.5084;0500;;Ats’q’vit’a
0;42.0660,42.0493;2800;;Atsana
0;43.7482,42.1526;4500;;At’otsi
0;44.7082,42.4570;1800;;Atnokhi
0;44.6672,41.5931;2300;;Asureti
2425;43.2484,41.5731;0500;;Aspindza
0;44.6185,41.4455;1100;;Mts’q’neti
0;45.1722,41.8626;3800;;Ask’ilauri
0;42.1552,41.9512;3500;;Ask’ana
0;43.9433,41.6536;5300;;Ashk’ala
0;42.6760,41.7079;0300;;Arzne
0;44.6996,41.4693;1100;;Nakhiduri
0;42.7931,43.0490;3200;;Artskheli
0;44.6429,42.5616;4700;;Artkhmo
0;45.5029,42.0736;2200;;Artana
0;44.6000,42.6179;4700;;Arsha
0;44.8513,41.3579;3000;;Araplo
0;44.2859,41.7004;1800,2300;;Arkhot’i
0;46.4508,41.4001;1600;;Arkhilosk’alo
0;43.4670,42.3018;4000;;Argveti
0;42.9892,42.1398;2000;;Argveta
0;44.6374,42.1170;1800;;Arghuni
0;45.3833,42.1019;0900;;Argokhi
0;44.1594,41.6950;5300;;Arjevan-Sarvani
0;45.1916,42.5714;1800;;Ardot’i
0;44.6053,41.6012;2300;;Ardisubani
0;41.9234,42.0609;2800;;Archeuli
0;44.6017,42.1122;1800;;Arboeti
0;45.9601,41.5510;1600;;Arboshik’i
0;44.8644,42.3124;1800;;Arbachkhani
0;44.7635,42.1221;1800;;Aranisi
0;42.8250,41.6322;0300;;Arali
0;44.5337,42.4237;1800;;Arakhveti
0;44.4104,41.4535;1100;;Dzedzvnariani
0;43.4928,41.4886;0700;;Aragva
0;43.8805,42.0626;4500;;Aradeti
0;44.9067,42.3911;1800;;Apsho
0;43.2764,41.3655;0700;;Apnia
0;42.6365,41.7013;0300;;Apieti
0;46.0306,41.8092;2700;;Apeni
0;42.8512,42.3893;4300;;Ant’oria
0;45.3760,41.7424;3800;;Antok’i
0;43.3980,42.5577;3600;;Krist’esi
0;42.9167,41.7124;0800;;Ani
0;43.0318,41.5830;0800;;Andriats’minda
0;43.4644,41.7301;1200;;Andezit’i
0;45.2111,42.5382;1800;;Andaki
0;43.0000,41.5823;0800;;Anda
0;41.9839,41.9094;3500;;Anaseuli
500;44.6991,42.1671;1800;;Ananuri
1300;41.5623,42.3930;2100;;Anaklia
0;45.8964,41.6654;4200;;Anaga
0;43.1783,42.1347;2000;;Amsaisi
0;44.5155,41.6271;2300;;Amlevi
0;42.7291,41.6439;0300;;Amkheri
0;44.6578,42.3925;1800;;Zemo Amirni
0;44.9262,42.6689;1800;;Amgha
1952;43.1498,42.5232;0400;;Ambrolauri
0;45.0069,41.4703;3000;;Ambarovk’a
0;44.2322,41.2782;1700;;Amamlo
0;42.6338,42.0875;1900;;Amaghleba
0;42.8301,42.5629;5100;;Alp’ana
0;44.9473,42.0492;2500;;Alot’i
0;45.6877,42.0268;4800;;Almat’i
0;44.5005,42.5566;4700;;Almasiani
0;41.9468,42.2869;5800;;Alioni
0;43.6467,42.0888;5700;;Ali
0;44.3276,41.5382;2300;;Alekseevk’a
0;43.6650,41.9385;5700;;Aleksandrests’q’aro
0;44.7708,41.4371;3000;;Alavari
0;43.3987,41.5460;0700;;Alast’ani
0;41.8836,41.8300;6200;;Alambari
0;44.9182,42.1242;2500;;Alach’ani
0;41.9667,41.5964;6100;;Akutsa
0;44.9544,42.4606;1800;;Ak’usho
0;45.6239,41.8658;2200;;Ak’ura
0;44.9551,42.5455;1800;;Aq’neli
0;42.1705,42.4672;5000;;Akhuti
0;45.2989,41.9810;0900;;Akhshnis Velebi
0;42.0594,41.6523;6100;;Akho
5664;45.2080,42.0350;0900;;Akhmeta
0;44.9059,42.6575;1800;;Akhieli
0;44.8100,41.9546;1800;;Akhat’ani
0;45.7429,41.7911;1500;;Akhasheni
17445;42.9860,41.6395;1800,2600,4700,0800;;Akhaltsikhe
0;42.0080,42.4326;5800;;Akhali Khibula
7437;43.4863,41.4051;2600,0700;;Akhalkalaki
0;41.7288,42.4560;2100;;Akhalk’akhati
0;42.9726,42.2157;2400;;Akhali Terjola
0;45.0686,41.5750;3700;;Akhali Samgori
0;44.8109,42.0269;1800;;Akhali Osebi
0;44.5504,41.8462;3300;;Akhali Nichbisi
0;44.5344,42.0761;1800;;Akhali Burghuli
0;42.4952,42.3799;5900;;Akhalbediseuli
0;44.1050,41.4515;1700;;Akha
0;44.4453,41.4636;1100;;Ak’aurta
1505;44.5432,41.9144;2600;;Aghaiani
0;43.7001,42.0126;5700;;Agarebi
2803;43.8238,42.0376;0400,4500,0800;;Agara
0;43.5419,41.5733;0700;;Agana
0;41.7961,41.5189;6400;;Ach’aris Aghmarti
0;41.5917,41.6208;6400;;Adlia
0;42.9148,42.9965;3200;;Adishi
1068;42.7029,41.6756;0300;;Adigeni
0;42.3762,41.7132;6500;;Adadzeebi
0;44.6169,42.6216;4700;;Achkhot’i
0;42.0034,41.8385;3500,6200;;Ach’i
0;43.6083,41.4006;0700;;Abuli
0;43.7624,42.0962;4500;;Abisi
0;44.4942,41.5718;2300;;Abeliani
0;42.2795,42.3843;3100;;Abedati
0;44.4367,41.4334;1100;;Javshaniani
4133;42.2036,42.2045;0200;;Abasha
0;43.2611,42.6188;0400;;Abari
0;43.0235,42.5391;0400;;Abanoeti
0;41.7783,42.0131;2800;;Ts’q’alts’minda
4049;41.8122,42.4963;2100;;Ingiri
0;41.9439,42.5610;2100;;K’ortskheli
0;44.9033,41.3328;3000;;Aghmamedlo
0;44.2204,41.9608;1400;;Kvakhvreli
51;44.1240,41.5516;5300;;Khramhesi
125;44.2494,41.5399;5300;;Bediani
0;44.4974,41.6127;2300;;Abrameti
0;44.5314,41.5729;2300;;Chkhik’vta
0;44.4208,41.5301;2300;;Ch’ivch’avi
0;44.2053,41.2794;1700;;Bazaklo
0;44.2842,41.3286;1700;;T’nusi
0;44.8745,42.0458;1800;;Nojik’eti
0;44.8936,42.1336;2500;;Khoptsa
0;43.4060,42.3204;4000;;Sairkhe
0;43.2689,42.3185;5500;;Sarkveletubani
0;43.0100,42.9147;3200;;Chazhashi
0;43.0282,42.8032;2900;;Lampalashi
0;44.7698,42.1900;1800;;Bzik’urtk’ari
0;42.8306,42.0190;1000;;Ts’q’altashua
0;42.8098,42.0145;1000;;Ts’ablaraskhevi
0;42.3986,42.0847;3900;;K’etilauri
0;42.3534,42.0872;3900;;Tsivts’q’ala
0;44.5979,42.1300;1800;;T’oncha
0;45.0307,42.4056;1800;;Bindaurta
0;44.9438,42.4732;1800;;Kobulo
0;44.6824,42.3950;1800;;Khevsha
0;44.6809,42.3873;1800;;Zhozhoni
0;42.3114,42.1900;3900;;Khiblari
0;42.7508,42.7894;2900;;Leksura
0;42.6528,42.6287;5100;;Kulbaki
0;42.6559,42.5085;5100;;Opit’ara
0;42.5916,42.1937;5400;;Mukhiani
0;42.7846,42.1326;1000;;Saimedo
0;42.9508,42.9457;3200;;Khalde
0;42.8128,42.3254;4300;;Orp’iri
0;42.9371,42.3344;4300;;Sats’ire
0;44.9909,42.5715;1800;;Uk’ankhadu
0;44.9717,42.5664;1800;;At’abe
0;44.9283,42.5247;1800;;Ghelisvak’e
0;44.8976,42.5442;1800;;Roshk’a
0;41.9082,42.0750;2800;;Nigvziani
2345;41.9108,42.3719;2100;;Narazeni
0;42.0342,42.8696;3200;;Barjashi
0;42.6950,42.7952;2900;;Lesema
0;42.5196,42.8227;2900;;Mananauri
0;42.7953,42.7400;2900;;Nanari
0;42.7667,42.7144;2900;;Gvimbrala
0;42.1134,42.5872;5200;;Uluria
0;42.7553,42.6334;5100;;Kveda Tsageri
0;43.3653,42.5039;3600;;Mravaldzali
7104;42.5981,42.3286;5400;;Tsqaltubo
0;43.0665,42.1698;2000;;T’q’lap’i-Vak’e
0;42.4201,42.1159;1900;;Ch’agan-Ch’q’vishi
0;42.7240,42.0797;1900;;Salominao
0;42.0577,42.0411;2800;;T’elmani
1501;41.9542,41.9069;3500;;Naruja
0;41.7320,41.6927;6200;;Sakhalvasho
0;41.9886,41.5864;6100;;Inasharidzeebi
0;41.8894,41.5728;6100;;K’olot’auri
0;42.3371,41.6555;6500;;Godgadzeebi
0;42.6104,41.6889;0300;;Ch’ela
0;43.4416,41.8943;1200;;K’ort’aneti
0;41.6128,41.6325;6400;;Angisa
0;41.6128,41.6034;6400;;Mejinists’q’ali
0;41.6750,41.5951;6400;;Sharabidzeebi
0;44.2916,41.9237;2600;;Teliani
0;45.6585,41.8457;1500;;Vachnadziani
0;46.1314,41.7849;2700;;K’artubani
0;44.9029,41.6098;0114;;K’rts’anisi
0;45.5597,41.6839;3800;;Verkhviani
0;45.5538,41.6444;3800;;Badiauri
0;46.1332,41.5116;4200;;Q’araghaji
0;44.9388,42.4688;1800;;Maghrani
0;44.5261,42.4500;1800;;Tsikhiani
0;44.5405,42.4632;1800;;Iukho
0;44.7196,42.4562;1800;;Chokhi
0;44.6346,42.3154;1800;;Mejilaurni
0;44.7519,42.3055;1800;;Sakere
0;44.8494,42.2889;1800;;Khiliana
0;44.7421,41.9644;3300;;Aghdgomliantk’ari
0;44.9335,42.0000;2500;;Meliaskhevi
0;45.0503,41.7345;1300;;Saak’adze
0;41.0527,43.1276;3600;;Mtisk’alta
0;44.7964,42.4624;1800;;Totiaurni
0;44.9259,42.4809;1800;;K’orsha
0;46.1726,41.8008;2700;;Sheerteba
0;46.0194,41.8708;4800;;Tkhilists’q’aro
0;44.5756,42.0050;1800;;Akhali K’adoeti
0;44.6686,42.0558;1800;;Undilaantk’ari
0;44.5625,42.0933;1800;;Kedeloba
0;44.6608,42.1289;1800;;Okruaani
0;45.8247,41.7187;1500;;Dzirk’ok’i
0;41.8698,42.3415;5800;;Bulits’q’u
0;41.9856,42.4514;5800;;Dzveli Khibula
0;41.8995,42.0186;2800;;K’ok’ati
0;41.8806,42.0094;2800;;Moedani
0;41.8790,42.0444;2800;;Jikhanjiri
0;41.6347,41.6023;6400;;Todogauri
0;41.8383,41.7947;6200,6400;;Kveda Sameba
0;41.9636,41.8316;6200;;Gogmachauri
0;41.8282,41.9876;3500;;Motsvnari
0;41.9272,41.5783;6100;;Ortsva
0;41.9400,41.6064;6100;;Khunk’uda
0;41.9497,41.5828;6100;;Shevaburi
0;41.9636,41.5847;6100;;K’uch’ula
0;41.9758,41.5678;6100;;Medzibna
0;41.9928,41.5748;6100;;Sikhalidzeebi
0;42.0958,42.3960;4100;;Saesebuo
0;41.7767,42.2204;4100;;Ch’aladidi
0;42.8108,42.8490;2900;;Durashi
0;42.2539,42.5616;5000;;Lekobale
0;42.0749,42.9314;3200;;Tsitskhvari
0;42.1366,42.2651;4100;;Sak’ilasonio
0;42.0738,42.5643;5200;;Sameskhio
0;42.3427,42.0523;4900;;Mamulari
0;42.0430,41.9138;3500;;Ts’itelmta
0;42.4457,41.9683;4900;;Ts’itelgora
1738;43.1977,42.0214;5600;;Kharagauli
6746;43.8955,42.0215;4500;;Kareli
0;41.9819,41.5715;6100;;Agota
0;41.9349,41.5936;6100;;Arsenauli
0;41.7363,41.6310;6400;;Masaura
0;42.0095,41.6386;6100;;Sirabidzeebi
0;41.7683,41.9119;3500;;Nat’anebi
0;42.0953,41.6291;6100;;Mosiashvilebi
0;42.2480,41.5921;6300;;Momts’vari
0;42.2436,41.6050;6300;;Mch’edluri
0;42.3745,41.5117;6300;;T’omasheti
0;42.3768,41.7125;6500;;Mintadzeebi
0;42.3308,41.6929;6500;;K’urtskhali
0;42.2639,41.7336;6300;;Potaro
0;41.9815,41.8590;3500;;Vasht’iali
0;42.5158,41.5419;6500;;Mtisubani
0;42.5130,41.5590;6500;;Zeda Tkhilvana
0;42.3436,41.7172;6500;;Ch’akhauri
0;42.3470,41.7229;6500;;Merchkheti
0;42.0132,42.0668;2800;;Junmere
0;42.4566,42.3438;5900;;Sats’uluk’idzeo
0;42.3979,42.0831;3900;;Gomnat’ekhebi
0;42.1274,41.9724;3500;;Maghali Ets’eri
2558;42.0651,41.9731;3500;;Nasakirali
0;42.1143,41.9673;3500;;Mshvidobauri
0;42.1165,41.9922;3500;;Zhanaura
0;42.2495,42.1815;0200;;Bulvani
0;42.2729,42.1515;0200;;Tkhmelari
0;42.2545,42.4184;3100;;Lemikave
0;42.9195,42.9344;3200;;Lask’rali
0;42.9162,42.9404;3200;;Agrai
0;42.6839,43.0322;3200;;K’aeri
0;42.8400,43.0436;3200;;Majvdieri
0;42.5077,43.0261;3200;;Gvalderi
0;42.8112,42.6232;5100;;Ts’ilamieri
0;42.7299,42.8002;2900;;Lask’adura
0;42.7455,42.7877;2900;;Q’arishi
0;42.7583,42.7964;2900;;Babili
0;42.0881,41.6347;6100;;Gogiashvilebi
0;41.7625,41.7397;6200;;St’alinisubani
0;41.6452,41.6010;6400;;Shavlidzeebi
0;41.7916,41.5416;6100;;Ch’alakhmela
0;42.0175,41.5464;6100;;Garet’q’e
0;41.9660,41.5712;6100;;Goginidzeebi
0;42.0566,41.6610;6100;;Chet’k’idzeebi
0;41.8665,41.8687;6200;;Tsetskhlauri
0;41.9224,41.8704;6200;;Jikhanjuri
0;41.8037,41.8087;6200;;Nak’aidzeebi
0;42.2039,41.6506;6300;;Ts’ank’alauri
0;42.1435,41.6624;6300;;Tsivadzeebi
0;42.1646,41.6646;6300;;Ts’q’arota
0;42.1305,41.6461;6300;;Khich’auri
0;41.6801,41.5889;6400;;Zanakidzeebi
0;42.3141,41.6625;6500;;Zeda Dek’anashvilebi
0;42.3741,41.6835;6500;;Boghauri
0;42.4341,41.5506;6500;;Oshanakhevi
2253;44.7736,41.6874;4700;;Okroq’ana
0;42.0171,42.0762;2800;;Junets’eri
0;41.7992,41.9621;3500;;Ts’vermaghala
0;42.0999,41.9922;3500;;Shua Isnari
0;42.2912,42.0265;4900;;Ts’ipnari
0;42.8956,41.9958;1000;;Alismereti
0;42.9171,41.9828;1000;;K’ak’askhidi
0;43.0710,42.0712;2000;;Tvrini
0;43.0968,42.0555;2000;;Mts’q’eritsikhe
0;42.7937,42.1930;2000;;Ajameti
0;43.0864,42.1008;2000;;Saghvine
0;43.0767,42.2070;2000;;Sasakhle
0;43.0518,42.2050;2000,2400;;Shimshilakedi
0;43.0186,42.0659;2000;;Dzlourdaneti
0;42.9487,42.2541;2400;;Separeti
0;42.3140,42.0700;3900;;Gamochinebuli
0;42.3962,42.0801;3900;;Gommukhaq’rua
0;42.3853,42.2036;3900;;K’ech’inari
0;43.4299,42.3197;4000;;Ivants’minda
0;43.1853,42.2893;5500;;Ghvitori
0;43.3640,42.2726;5500;;Begiauri
0;43.2233,42.2941;5500;;Didi K’atskhi
0;43.2078,42.2588;5500;;Joq’oeti
0;43.2348,42.0344;5600;;Gharikhevi
0;43.2886,42.1042;5600;;Amashuk’eti
0;43.2775,42.1036;5600;;K’vesrevi
0;43.2882,41.9873;5600;;P’at’ara Sakhvlari
0;43.1885,42.0057;5600;;Islari
0;42.4608,42.4143;5900;;Lepilie
0;46.5694,41.3740;1600;;Pirosmani
0;46.1116,41.8445;2700;;Dona
0;45.2862,41.7289;3800;;Ts’q’arostavi
0;44.7055,41.4774;1100;;Tsurt’avi
0;44.5576,41.4965;1100;;Disveli
0;44.7180,41.4329;1100;;Khat’aveti
0;44.6468,41.4847;1100;;Balakhauri
0;44.5869,41.4068;1100;;Khat’isopeli
0;45.1028,41.4753;1300;;Tbilts’q’aros Dasakhleba
0;44.7966,41.6114;0114;;Akhali K’umisi
0;45.1858,41.4657;1300;;Mzianeti
0;45.0919,41.5012;1300;;Nagebi
0;44.3095,41.3146;1700;;Angrevani
0;44.0262,41.4145;1700;;Mamishlari
0;44.2284,41.7210;2300;;Ugudeti
0;44.7910,41.2793;3000;;K’irovk’a
0;44.8325,41.2166;3000;;Burma
0;44.7671,41.2312;3000;;Khuldara
0;44.8422,41.3745;3000;;Budionovk’a
0;44.7500,41.3882;3000;;Khikhani
0;44.7059,42.0988;1800;;Tandilaantk’ari
0;44.7645,42.0191;1800;;Abanoskhevi
0;44.5069,42.0422;1800;;Bakakurebi
0;44.6928,42.1119;1800;;Akhalaani
0;44.6594,42.0996;1800;;Akhali T’oncha
0;44.7251,42.0937;1800;;Mezvriantk’ari
0;44.7330,42.1019;1800;;Mch’edliantk’ari
0;44.7031,42.1278;1800;;Karaulebi
0;44.8477,42.0755;1800;;Migriaulebi
0;44.8736,42.0968;1800;;Ts’iteli K’lde
0;45.0586,41.9524;2500;;Badaani
0;45.0527,41.9440;2500;;Sajinibo
0;44.9906,42.2112;2500;;Tetraulebi
0;45.0017,42.2169;2500;;Sakhevi
0;44.9977,41.9567;2500;;Zurabebi
0;44.9562,42.0425;1400;;Velebi
0;43.0297,42.7881;2900;;Kheria
0;42.7734,42.6691;2900;;Naghomari
0;43.1157,42.8151;2900;;Lashkharashi
0;42.2737,42.1937;0200;;Gugunaq’ati
0;42.2942,42.4120;3100;;Lekajaie
0;42.2991,42.5936;3100;;Saberulavo
0;42.3892,42.3839;3100;;Lek’vant’alie
0;42.1876,42.9723;3200;;Lukhi
0;42.3821,43.0735;3200;;Nak’i
0;42.7144,41.6994;0300;;P’at’ara Zanavi
0;42.7465,41.6560;0300;;K’akhareti
0;42.7530,41.6251;0300;;Zazalo
0;43.2602,41.3392;0500;;Mirashkhani
0;43.3123,41.4351;0500;;Pia
0;43.2942,41.4599;0500;;Gelsunda
0;43.2654,41.5055;0500;;Nijgori
0;42.8807,41.5936;0800;;Abatkhevi
0;44.0105,41.9876;1400;;Akhalkhiza
0;44.0314,42.1782;1400;;Brots’leti
0;44.0037,42.1798;1400;;Meghvrek’isi
0;44.3008,41.8133;2600;;Gost’ibe
0;44.2280,41.8157;2600;;Rk’oni
0;44.3129,42.0106;2600;;Chobalauri
0;44.5205,41.9542;2600;;Perma
0;44.3981,42.0108;2600;;Togoiani
0;44.5006,41.8279;2600;;Gomisjvari
0;44.4803,41.8268;2600;;Lavriskhevi
0;43.8986,41.9861;4500;;Apnisi
0;43.5203,41.9857;5700;;Savanisubani
0;43.6720,42.1269;5700;;T’it’vinists’q’aro
0;43.6916,42.1060;5700;;Ts’eghveri
0;43.4352,42.1195;5600;;Golisi
0;42.2524,42.2475;0200;;Ont’opo
0;42.0830,42.6320;5200;;Zeda Mazandara
0;43.2583,41.3832;0500;;Zemo Vardzia
0;42.1344,43.0133;3200;;Lakhami
0;42.3172,41.5965;6500;;Gurdzauli
0;42.3875,42.2007;3900;;Gvimrala
0;43.2249,42.1814;5500;;Gezruli
0;44.6520,42.2234;1800;;Tsikhissopeli
0;42.2141,42.5344;5000;;Lekarche
0;44.1150,42.0376;1400,5300;;Rekha
0;44.0108,41.9825;1400;;Rieti
1049498;44.8341,41.6914;0100;;Tbilisi
